begin try 0
100     54312.4 1183.68644	0.0217940	1.24671 318.5   152.0   0.11773
200     54010.8 1243.19962	0.0230176	1.20837 269.0   132.9   0.10298
300     53702.6 1440.43786	0.0268225	1.21689 280.0   131.9   0.10214
400     53351.8 1517.50929	0.0284435	1.23703 306.0   136.7   0.10589
500     53661.4 1463.40397	0.0272711	1.19868 256.5   124.1   0.09614
600     53266.5 934.61757	0.0175461	1.20372 263.0   122.7   0.09502
700     53698.6 1441.79209	0.0268497	1.21146 273.0   129.9   0.10066
800     54042.5 1693.15054	0.0313300	1.21185 273.5   137.9   0.10682
900     53715.4 1595.38426	0.0297007	1.22502 290.5   135.6   0.10506
1000    53245.4 1114.92664	0.0209394	1.20720 267.5   128.6   0.09962
1100    53216.8 1083.61621	0.0203623	1.20488 264.5   123.4   0.09562
1200    53703.6 928.77626	0.0172945	1.22889 295.5   139.8   0.10830
1300    54034.0 1529.05157	0.0282979	1.23005 297.0   135.1   0.10465
1400    53610.6 1139.21044	0.0212497	1.19055 246.0   124.5   0.09646
1500    53902.3 1237.26761	0.0229539	1.21069 272.0   136.6   0.10582
1600    54039.9 1189.11907	0.0220045	1.20914 270.0   131.7   0.10198
1700    53514.4 988.71023	0.0184756	1.21611 279.0   127.7   0.09888
1800    53824.8 964.90050	0.0179267	1.20759 268.0   127.5   0.09875
1900    54101.6 947.91741	0.0175211	1.23122 298.5   144.7   0.11211
2000    53661.7 1171.55729	0.0218323	1.20527 265.0   133.8   0.10360
2100    53821.3 1395.69357	0.0259320	1.21572 278.5   127.8   0.09903
2200    54130.3 1464.06260	0.0270470	1.20643 266.5   134.9   0.10451
2300    53711.2 1259.65153	0.0234523	1.21572 278.5   133.3   0.10328
2400    54107.7 1201.19838	0.0222001	1.23005 297.0   138.3   0.10715
2500    53416.6 1081.41058	0.0202449	1.22076 285.0   128.7   0.09972
2600    54394.0 1203.73009	0.0221298	1.23122 298.5   144.3   0.11179
2700    53589.2 1121.93184	0.0209358	1.21495 277.5   135.5   0.10497
2800    54285.0 1151.89284	0.0212194	1.23703 306.0   144.0   0.11156
2900    53343.7 876.19945	0.0164256	1.21534 278.0   134.4   0.10412
3000    53815.4 1329.32637	0.0247016	1.20372 263.0   128.4   0.09945
3100    53674.3 1259.68444	0.0234691	1.21998 284.0   135.3   0.10478
3200    53454.9 1260.83347	0.0235869	1.20217 261.0   121.4   0.09404
3300    53959.7 1405.22099	0.0260420	1.20720 267.5   130.1   0.10079
3400    53782.6 1378.89385	0.0256383	1.20875 269.5   128.0   0.09912
3500    53828.9 1234.33894	0.0229308	1.20720 267.5   126.6   0.09807
3600    53778.3 1362.78885	0.0253409	1.23238 300.0   141.7   0.10979
3700    54138.0 1231.78081	0.0227526	1.22153 286.0   141.7   0.10979
3800    54039.9 1295.07178	0.0239651	1.21456 277.0   131.8   0.10208
3900    53963.2 1340.09014	0.0248334	1.21263 274.5   133.2   0.10321
4000    53879.5 1550.58629	0.0287788	1.20139 260.0   127.0   0.09839
4100    53343.2 1225.90575	0.0229815	1.21224 274.0   128.8   0.09973
4200    53370.3 1421.50028	0.0266347	1.20565 265.5   126.1   0.09770
4300    53610.7 1242.06426	0.0231682	1.20875 269.5   127.2   0.09851
4400    53625.9 1149.30542	0.0214319	1.22231 287.0   134.5   0.10417
4500    53790.7 1392.74877	0.0258920	1.18590 240.0   123.2   0.09547
4600    53739.6 1158.11510	0.0215505	1.21534 278.0   136.3   0.10556
4700    53753.5 1383.94084	0.0257461	1.22386 289.0   135.8   0.10517
4800    54178.0 1328.26157	0.0245166	1.20449 264.0   131.8   0.10212
4900    53877.8 1765.22781	0.0327635	1.20527 265.0   132.7   0.10278
5000    53450.0 1100.64093	0.0205920	1.21108 272.5   129.4   0.10025
5100    53822.4 1687.32665	0.0313499	1.21921 283.0   134.8   0.10440
5200    54122.4 1398.43523	0.0258384	1.21882 282.5   132.1   0.10234
5300    54053.3 1085.29387	0.0200782	1.23122 298.5   132.1   0.10230
5400    53909.6 1137.24751	0.0210954	1.21340 275.5   129.6   0.10036
5500    53894.1 1325.55507	0.0245956	1.22928 296.0   140.9   0.10914
5600    53617.2 1154.81344	0.0215381	1.22347 288.5   137.8   0.10675
5700    53640.2 1088.14540	0.0202860	1.19907 257.0   131.9   0.10217
5800    53266.8 1347.87279	0.0253042	1.20411 263.5   120.7   0.09345
5900    53866.6 1170.38128	0.0217274	1.19985 258.0   123.4   0.09560
6000    53879.3 1273.38390	0.0236340	1.22270 287.5   140.6   0.10894
6100    53795.1 1574.18355	0.0292626	1.23083 298.0   137.8   0.10674
6200    53386.9 1146.26247	0.0214708	1.20527 265.0   120.9   0.09365
6300    53612.6 1312.51788	0.0244815	1.22657 292.5   138.2   0.10707
6400    53308.8 1394.25529	0.0261543	1.18164 234.5   109.6   0.08492
6500    53895.3 1141.25938	0.0211755	1.21882 282.5   135.5   0.10499
6600    53665.8 1278.06241	0.0238152	1.21921 283.0   135.8   0.10516
6700    53856.9 1396.15983	0.0259235	1.23199 299.5   140.2   0.10857
6800    53873.5 1021.92397	0.0189689	1.23277 300.5   140.1   0.10855
6900    53907.5 1341.35495	0.0248825	1.21998 284.0   130.1   0.10074
7000    53592.5 1088.13438	0.0203038	1.22231 287.0   140.7   0.10901
7100    54089.0 1009.03473	0.0186551	1.22502 290.5   140.6   0.10892
7200    53431.0 1233.16883	0.0230796	1.21146 273.0   130.1   0.10077
7300    53875.1 967.43813	0.0179570	1.23005 297.0   141.0   0.10923
7400    54018.3 1244.63109	0.0230409	1.22115 285.5   135.6   0.10503
7500    53572.7 1321.92611	0.0246754	1.21030 271.5   135.2   0.10470
7600    53806.9 1130.79330	0.0210158	1.23277 300.5   138.3   0.10716
7700    53780.9 1165.63012	0.0216737	1.22618 292.0   136.8   0.10597
7800    53876.7 1080.66016	0.0200580	1.22889 295.5   138.2   0.10705
7900    53789.5 1227.85250	0.0228270	1.23703 306.0   141.3   0.10945
8000    54033.2 1320.90342	0.0244461	1.22424 289.5   140.5   0.10884
8100    53748.8 868.96485	0.0161671	1.23354 301.5   142.3   0.11023
8200    53970.7 1371.65085	0.0254147	1.21998 284.0   137.0   0.10614
8300    54109.7 1194.05170	0.0220672	1.20256 261.5   134.4   0.10413
8400    53487.0 1249.47304	0.0233603	1.21689 280.0   131.8   0.10212
8500    53843.0 1344.80065	0.0249764	1.22076 285.0   130.8   0.10133
8600    53791.4 1107.21983	0.0205836	1.21960 283.5   134.2   0.10394
8700    53890.1 1234.37072	0.0229053	1.22424 289.5   134.0   0.10382
end try 0

begin try 1
100     53402.9 1035.96132	0.0193990	1.22076 285.0   130.5   0.10106
200     53883.8 1031.55777	0.0191441	1.22347 288.5   132.8   0.10288
300     53792.4 1342.89988	0.0249645	1.19636 253.5   128.7   0.09972
400     53655.7 1259.89555	0.0234811	1.20372 263.0   129.0   0.09991
500     53398.3 1176.91311	0.0220403	1.20411 263.5   124.3   0.09625
600     53590.0 1318.97250	0.0246123	1.21069 272.0   133.8   0.10366
700     53485.9 1469.15005	0.0274680	1.17196 222.0   111.5   0.08635
800     53989.7 1234.69081	0.0228690	1.19597 253.0   130.0   0.10071
900     53856.6 1151.87246	0.0213878	1.20449 264.0   132.5   0.10266
1000    54661.6 1479.69805	0.0270701	1.19868 256.5   133.3   0.10325
1100    53452.1 1214.82533	0.0227274	1.18435 238.0   120.4   0.09329
1200    53498.6 1160.69932	0.0216959	1.20565 265.5   128.6   0.09965
1300    52772.2 1080.59893	0.0204767	1.13943 180.0   95.3    0.07383
1400    53575.8 1489.74165	0.0278063	1.17932 231.5   121.0   0.09372
1500    53293.9 1096.81897	0.0205806	1.15376 198.5   104.1   0.08064
1600    53150.4 1224.83087	0.0230446	1.17041 220.0   110.0   0.08524
1700    53003.2 948.46253	0.0178944	1.15376 198.5   103.6   0.08022
1800    52966.4 883.72412	0.0166846	1.17002 219.5   119.1   0.09224
1900    53343.1 1016.56023	0.0190570	1.16305 210.5   109.3   0.08465
2000    53479.6 890.22048	0.0166460	1.18087 233.5   118.5   0.09177
2100    52902.0 1004.66389	0.0189910	1.17622 227.5   113.4   0.08787
2200    53389.6 1197.03899	0.0224208	1.15221 196.5   99.1    0.07678
2300    53633.8 859.93406	0.0160334	1.16538 213.5   113.8   0.08814
2400    54212.0 1225.58392	0.0226073	1.19210 248.0   126.4   0.09791
2500    53566.8 1387.17344	0.0258961	1.19713 254.5   125.9   0.09753
2600    54279.6 1592.74538	0.0293434	1.19907 257.0   124.5   0.09644
2700    53496.5 1437.44580	0.0268699	1.17351 224.0   121.3   0.09400
2800    53285.3 1171.71614	0.0219895	1.19558 252.5   122.2   0.09465
2900    53933.4 1365.73524	0.0253226	1.22541 291.0   137.0   0.10612
3000    53082.2 1077.46041	0.0202979	1.17235 222.5   108.7   0.08417
3100    53399.6 1218.13919	0.0228118	1.19636 253.5   122.7   0.09508
3200    53348.4 1280.75863	0.0240074	1.17041 220.0   115.3   0.08931
3300    53608.4 1132.93303	0.0211335	1.17041 220.0   121.9   0.09444
3400    52780.7 765.61699	0.0145056	1.15453 199.5   103.3   0.08005
3500    53201.2 1217.00496	0.0228755	1.16073 207.5   108.3   0.08388
3600    52841.3 935.00715	0.0176946	1.14756 190.5   99.8    0.07728
3700    53470.4 951.63675	0.0177974	1.17854 230.5   125.2   0.09698
3800    53429.4 1103.73170	0.0206577	1.19171 247.5   123.3   0.09554
3900    53475.3 1117.50397	0.0208976	1.17661 228.0   120.6   0.09344
4000    53370.6 946.53499	0.0177351	1.19132 247.0   117.8   0.09125
4100    53533.8 934.68832	0.0174598	1.19946 257.5   128.3   0.09936
4200    53251.2 1098.55269	0.0206296	1.18280 236.0   118.9   0.09213
4300    53613.8 1159.56756	0.0216282	1.19713 254.5   123.0   0.09531
4400    53819.1 1400.67861	0.0260257	1.18242 235.5   122.9   0.09519
4500    53375.6 1114.66986	0.0208835	1.17932 231.5   120.2   0.09308
4600    53594.9 1315.73716	0.0245497	1.20139 260.0   124.3   0.09625
4700    53671.4 1136.05403	0.0211668	1.21534 278.0   131.2   0.10164
4800    53774.0 1246.12643	0.0231734	1.19326 249.5   126.7   0.09815
4900    53470.1 1052.05042	0.0196755	1.18745 242.0   127.1   0.09848
5000    53184.4 1136.88188	0.0213762	1.16538 213.5   113.3   0.08778
5100    52985.8 692.74835	0.0130742	1.17893 231.0   112.7   0.08727
5200    53177.4 1311.30803	0.0246591	1.18125 234.0   110.1   0.08529
5300    53394.2 1020.50090	0.0191126	1.18319 236.5   118.0   0.09139
5400    53277.3 1206.84218	0.0226521	1.17777 229.5   113.7   0.08808
5500    53111.6 1050.32388	0.0197758	1.14369 185.5   105.6   0.08180
5600    52717.5 811.03325	0.0153845	1.15763 203.5   99.8    0.07727
5700    53105.3 1065.05949	0.0200556	1.16305 210.5   114.3   0.08856
5800    53559.8 1192.76893	0.0222698	1.19132 247.0   122.7   0.09503
5900    53028.6 1162.72858	0.0219265	1.17854 230.5   113.6   0.08800
6000    53208.8 1198.19336	0.0225187	1.17002 219.5   114.3   0.08852
6100    53163.5 1153.10086	0.0216897	1.16576 214.0   110.7   0.08572
6200    53164.4 853.76617	0.0160590	1.16576 214.0   113.6   0.08801
6300    53164.6 1128.71904	0.0212307	1.18087 233.5   113.8   0.08817
6400    53433.1 1039.52915	0.0194548	1.20333 262.5   126.4   0.09789
6500    54074.8 1365.23636	0.0252472	1.21805 281.5   137.4   0.10643
6600    53453.8 1664.24062	0.0311342	1.17506 226.0   123.2   0.09541
6700    53689.1 1493.57098	0.0278189	1.18048 233.0   123.6   0.09575
6800    53316.4 1181.56118	0.0221613	1.16073 207.5   104.2   0.08075
6900    53204.9 1102.72556	0.0207260	1.16654 215.0   115.6   0.08954
7000    53002.0 701.89734	0.0132428	1.15995 206.5   108.3   0.08389
7100    53458.1 1352.40434	0.0252984	1.16421 212.0   115.0   0.08911
7200    53220.0 1112.80629	0.0209096	1.19636 253.5   120.5   0.09331
7300    53485.6 1191.00616	0.0222678	1.17506 226.0   114.0   0.08829
7400    53404.8 1292.98405	0.0242110	1.17041 220.0   112.0   0.08675
7500    53279.7 1226.67507	0.0230233	1.18939 244.5   116.1   0.08990
7600    53493.3 1322.33265	0.0247196	1.16150 208.5   109.5   0.08484
7700    53610.6 1134.40161	0.0211600	1.18242 235.5   121.2   0.09387
7800    54147.1 1440.10714	0.0265962	1.19791 255.5   132.7   0.10280
7900    53405.6 1061.11270	0.0198689	1.17699 228.5   116.9   0.09053
8000    53566.8 1467.95806	0.0274043	1.20178 260.5   124.7   0.09657
8100    53236.8 1056.40404	0.0198435	1.16228 209.5   111.5   0.08637
8200    53485.8 1268.22585	0.0237114	1.17816 230.0   119.5   0.09256
8300    53087.2 913.99276	0.0172168	1.16189 209.0   107.5   0.08325
end try 1

begin try 2
100     53622.4 1059.49599	0.0197584	1.20449 264.0   129.4   0.10023
200     54283.2 1416.67218	0.0260978	1.20294 262.0   130.8   0.10132
300     53981.6 956.18321	0.0177131	1.21766 281.0   138.6   0.10735
400     53997.4 1506.31410	0.0278961	1.23509 303.5   137.2   0.10630
500     53781.7 1447.03990	0.0269058	1.20759 268.0   124.2   0.09621
600     54231.0 1870.00166	0.0344821	1.19868 256.5   132.6   0.10273
700     53985.4 1453.43576	0.0269228	1.22192 286.5   128.1   0.09922
800     53498.2 1263.77048	0.0236227	1.19171 247.5   119.1   0.09225
900     53947.4 1529.51455	0.0283519	1.21805 281.5   129.4   0.10022
1000    53908.1 1445.18800	0.0268084	1.21534 278.0   127.3   0.09861
1100    53959.7 1533.16289	0.0284131	1.19016 245.5   131.2   0.10162
1200    54023.8 1417.95356	0.0262468	1.20411 263.5   127.3   0.09864
1300    53398.4 1179.08185	0.0220808	1.21340 275.5   129.3   0.10015
1400    53835.4 1108.04704	0.0205821	1.20062 259.0   130.1   0.10078
1500    54403.0 1326.85742	0.0243894	1.20178 260.5   127.9   0.09910
1600    53954.4 1564.69787	0.0290004	1.19907 257.0   122.2   0.09465
1700    54347.7 1558.42002	0.0286750	1.23431 302.5   147.6   0.11436
1800    53752.2 1003.05111	0.0186606	1.20372 263.0   129.4   0.10024
1900    53379.2 1165.09385	0.0218267	1.18009 232.5   122.9   0.09519
2000    53532.0 1387.95764	0.0259276	1.17816 230.0   114.8   0.08896
2100    53491.9 1420.94962	0.0265638	1.18668 241.0   130.2   0.10087
2200    53453.9 1095.47601	0.0204939	1.15066 194.5   105.6   0.08180
2300    53755.5 1487.80692	0.0276773	1.20372 263.0   127.4   0.09870
2400    53542.6 1222.94924	0.0228407	1.19675 254.0   127.3   0.09863
2500    53479.8 1429.14793	0.0267231	1.17545 226.5   110.6   0.08567
2600    53839.2 1353.41891	0.0251382	1.17699 228.5   117.8   0.09125
2700    53079.7 1030.88767	0.0194215	1.19481 251.5   118.3   0.09165
2800    53826.6 1178.58241	0.0218959	1.19558 252.5   122.4   0.09482
2900    53497.1 1229.35123	0.0229798	1.19132 247.0   117.2   0.09074
3000    53662.8 1268.60826	0.0236404	1.21108 272.5   127.7   0.09895
3100    53707.9 1245.44772	0.0231893	1.20527 265.0   123.3   0.09551
3200    53538.6 1470.71162	0.0274701	1.17312 223.5   114.7   0.08881
3300    53332.9 878.79341	0.0164775	1.17777 229.5   116.0   0.08986
3400    53997.4 1555.57010	0.0288083	1.21418 276.5   133.1   0.10313
3500    53937.0 1958.37462	0.0363086	1.19326 249.5   123.0   0.09526
3600    53207.0 887.31648	0.0166767	1.18939 244.5   123.0   0.09531
3700    53607.0 1279.82295	0.0238742	1.20682 267.0   132.0   0.10221
3800    53899.6 1342.05359	0.0248992	1.20333 262.5   128.1   0.09924
3900    54003.4 1378.17742	0.0255202	1.20411 263.5   131.3   0.10172
4000    53883.7 931.97092	0.0172960	1.19907 257.0   123.1   0.09536
4100    53953.8 1601.75696	0.0296876	1.21301 275.0   131.8   0.10212
4200    53785.8 1246.66272	0.0231783	1.19868 256.5   129.1   0.09998
4300    53517.0 1500.83899	0.0280442	1.19713 254.5   122.4   0.09480
4400    53492.6 1208.91149	0.0225996	1.18978 245.0   123.6   0.09574
4500    53553.2 894.45500	0.0167022	1.21301 275.0   133.2   0.10314
4600    53982.7 1247.71640	0.0231133	1.20372 263.0   131.0   0.10147
4700    53508.9 1126.54133	0.0210534	1.18009 232.5   115.4   0.08938
4800    53196.1 1018.05529	0.0191378	1.19752 255.0   123.5   0.09565
4900    53375.2 1339.52676	0.0250964	1.19055 246.0   118.0   0.09137
5000    53974.6 1408.44911	0.0260946	1.21185 273.5   134.7   0.10433
5100    53628.8 1373.24857	0.0256065	1.19442 251.0   124.1   0.09613
5200    53873.4 846.88763	0.0157200	1.20604 266.0   131.4   0.10179
5300    53733.0 1351.35825	0.0251495	1.20294 262.0   123.1   0.09534
5400    53350.0 1139.10800	0.0213516	1.21146 273.0   124.7   0.09661
5500    53738.7 1581.27651	0.0294253	1.19713 254.5   119.3   0.09240
5600    53551.2 1195.60553	0.0223264	1.17235 222.5   113.1   0.08758
5700    54417.0 1315.26257	0.0241701	1.21379 276.0   135.9   0.10528
5800    53148.4 1328.70294	0.0249999	1.16615 214.5   103.9   0.08051
5900    53814.6 1434.22240	0.0266512	1.19791 255.5   127.9   0.09906
6000    53624.1 1091.62089	0.0203569	1.19442 251.0   119.5   0.09253
6100    52896.1 1186.26089	0.0224263	1.15957 206.0   98.7    0.07643
6200    53540.1 1155.03839	0.0215733	1.18242 235.5   124.4   0.09636
6300    53373.7 1455.40878	0.0272683	1.19558 252.5   116.5   0.09022
6400    53465.3 1428.23457	0.0267133	1.18629 240.5   117.1   0.09068
6500    53080.3 1283.22187	0.0241751	1.16150 208.5   107.9   0.08358
6600    53454.0 1307.78458	0.0244656	1.19404 250.5   119.6   0.09266
6700    53705.2 1797.84847	0.0334762	1.18435 238.0   125.1   0.09689
6800    54367.1 1672.25769	0.0307586	1.20991 271.0   132.7   0.10278
6900    53959.4 1612.49078	0.0298834	1.22192 286.5   132.3   0.10245
7000    53541.7 1150.33540	0.0214848	1.20449 264.0   127.0   0.09834
7100    53668.2 1458.65566	0.0271791	1.18164 234.5   117.5   0.09099
7200    53337.6 1041.72677	0.0195308	1.17738 229.0   117.7   0.09119
7300    53120.2 1148.86681	0.0216277	1.14911 192.5   98.6    0.07639
7400    53602.0 1533.51304	0.0286093	1.17971 232.0   118.7   0.09194
7500    53441.4 1253.04692	0.0234471	1.20217 261.0   122.0   0.09451
7600    53298.6 1240.60083	0.0232764	1.15569 201.0   104.2   0.08068
7700    53088.0 922.23560	0.0173718	1.17661 228.0   108.5   0.08404
7800    53975.5 1059.20399	0.0196238	1.20178 260.5   129.3   0.10016
7900    53040.7 958.54446	0.0180719	1.18358 237.0   113.2   0.08769
8000    53176.4 1223.64871	0.0230111	1.19365 250.0   120.7   0.09352
8100    53115.4 1119.54343	0.0210776	1.16809 217.0   113.6   0.08800
end try 2

begin try 3
100     54187.0 1116.08940	0.0205970	1.22541 291.0   142.8   0.11057
200     54678.8 1360.41371	0.0248801	1.23431 302.5   146.2   0.11322
300     53563.5 1079.48121	0.0201533	1.21108 272.5   127.5   0.09874
400     53294.3 1252.38565	0.0234994	1.17080 220.5   111.9   0.08666
500     53454.7 962.68788	0.0180094	1.17699 228.5   119.3   0.09240
600     54117.0 1181.19539	0.0218267	1.20062 259.0   136.2   0.10547
700     53227.6 1222.16192	0.0229611	1.16383 211.5   113.6   0.08799
800     53231.3 1031.56711	0.0193790	1.16112 208.0   107.0   0.08288
900     53009.0 1162.70536	0.0219341	1.15918 205.5   100.0   0.07749
1000    53307.2 1283.64440	0.0240801	1.17002 219.5   113.7   0.08806
1100    53479.2 1285.95847	0.0240459	1.18203 235.0   116.1   0.08996
1200    52839.6 870.29650	0.0164705	1.14640 189.0   101.6   0.07866
1300    53545.2 1243.25040	0.0232187	1.18978 245.0   116.8   0.09048
1400    53725.8 1622.72537	0.0302038	1.19481 251.5   121.0   0.09370
1500    53312.9 1020.90895	0.0191494	1.17971 232.0   115.8   0.08974
1600    53690.3 1156.57153	0.0215415	1.15957 206.0   118.3   0.09167
1700    53697.6 1160.75456	0.0216165	1.20643 266.5   127.8   0.09898
1800    53175.4 1143.32993	0.0215011	1.19132 247.0   115.9   0.08974
1900    53299.1 957.06972	0.0179566	1.19094 246.5   117.5   0.09098
2000    52982.6 1502.78262	0.0283637	1.16538 213.5   105.2   0.08148
2100    53301.0 1101.04537	0.0206571	1.16344 211.0   109.9   0.08512
2200    52952.8 1170.52801	0.0221051	1.13400 173.0   90.6    0.07017
2300    53086.4 1031.57113	0.0194319	1.15686 202.5   105.7   0.08185
2400    53425.4 1347.74438	0.0252267	1.18009 232.5   117.9   0.09133
2500    52835.2 1094.85816	0.0207222	1.13555 175.0   93.5    0.07245
2600    53463.6 1104.24496	0.0206542	1.21650 279.5   121.1   0.09383
2700    53009.5 910.40495	0.0171744	1.17080 220.5   110.9   0.08592
2800    53112.8 718.20273	0.0135222	1.18978 245.0   117.8   0.09124
2900    52735.0 1341.45010	0.0254376	1.15879 205.0   101.4   0.07857
3000    53788.7 1277.17555	0.0237443	1.20372 263.0   122.8   0.09508
3100    53786.2 1216.29871	0.0226136	1.20759 268.0   130.3   0.10091
3200    53197.2 744.58499	0.0139967	1.16073 207.5   101.1   0.07832
3300    53478.5 1311.90498	0.0245315	1.16731 216.0   107.9   0.08355
3400    53442.0 1291.04359	0.0241579	1.18900 244.0   122.2   0.09467
3500    52767.4 790.89749	0.0149884	1.15531 200.5   98.8    0.07652
3600    52837.6 1018.73745	0.0192805	1.16460 212.5   100.7   0.07799
3700    53850.4 1137.90322	0.0211308	1.21727 280.5   130.2   0.10089
3800    53370.3 1164.38548	0.0218171	1.20256 261.5   126.9   0.09830
3900    53425.4 1116.29196	0.0208944	1.19791 255.5   123.6   0.09575
4000    53368.1 1292.89138	0.0242259	1.20256 261.5   126.9   0.09832
4100    53679.7 971.76784	0.0181031	1.19094 246.5   125.3   0.09709
4200    53462.9 1244.97160	0.0232867	1.17932 231.5   114.7   0.08886
4300    54070.9 1323.02412	0.0244683	1.20953 270.5   134.3   0.10403
4400    53342.2 1416.70078	0.0265587	1.18474 238.5   113.4   0.08781
4500    53418.8 1215.16371	0.0227479	1.18939 244.5   116.3   0.09008
4600    53441.2 1194.10085	0.0223442	1.18939 244.5   124.6   0.09653
4700    53570.3 1438.71924	0.0268566	1.18784 242.5   119.0   0.09221
4800    53047.9 1287.72112	0.0242747	1.15724 203.0   101.6   0.07872
4900    53343.7 1212.91160	0.0227377	1.15802 204.0   99.1    0.07678
5000    53329.1 1306.76411	0.0245038	1.19791 255.5   125.6   0.09728
5100    53309.6 1460.71583	0.0274006	1.17699 228.5   111.1   0.08607
5200    53500.0 1250.64318	0.0233765	1.16499 213.0   104.4   0.08087
5300    53224.9 1059.96195	0.0199148	1.16654 215.0   108.0   0.08365
5400    52851.4 908.54096	0.0171905	1.16692 215.5   105.2   0.08146
5500    53312.8 1194.35492	0.0224028	1.15802 204.0   98.2    0.07609
5600    53603.0 1146.27909	0.0213846	1.20139 260.0   124.0   0.09604
5700    52738.6 870.48737	0.0165057	1.15066 194.5   102.1   0.07908
5800    53282.2 1145.03920	0.0214901	1.18125 234.0   118.4   0.09174
5900    53763.0 1175.63323	0.0218670	1.21456 277.0   130.6   0.10113
6000    53770.6 1269.53206	0.0236101	1.19249 248.5   123.1   0.09536
6100    53715.3 1119.90068	0.0208488	1.17932 231.5   117.6   0.09109
6200    53134.8 1052.80568	0.0198138	1.18629 240.5   119.0   0.09215
6300    53558.9 1365.76012	0.0255002	1.20720 267.5   128.3   0.09935
6400    53016.4 866.03493	0.0163352	1.14291 184.5   99.8    0.07729
6500    53698.7 1129.07006	0.0210260	1.19132 247.0   120.5   0.09331
6600    53863.5 1420.33447	0.0263692	1.20527 265.0   126.9   0.09832
6700    54172.0 1092.08631	0.0201596	1.17738 229.0   121.0   0.09371
6800    53798.4 1628.49770	0.0302704	1.21998 284.0   127.2   0.09851
6900    53404.8 1094.92980	0.0205025	1.18280 236.0   124.6   0.09653
7000    53538.4 1267.60969	0.0236766	1.19675 254.0   124.7   0.09661
7100    53753.7 1180.13180	0.0219544	1.21301 275.0   135.4   0.10489
7200    54022.3 1139.32288	0.0210899	1.17893 231.0   119.0   0.09220
7300    53790.7 1468.36711	0.0272978	1.18629 240.5   118.0   0.09141
7400    53550.1 1356.33263	0.0253283	1.18939 244.5   120.6   0.09342
7500    52908.7 1084.23021	0.0204925	1.16692 215.5   108.6   0.08415
7600    54128.5 1386.63814	0.0256175	1.21069 272.0   132.5   0.10265
7700    54384.4 1145.73622	0.0210674	1.21689 280.0   141.7   0.10975
7800    53685.3 1075.73268	0.0200378	1.19171 247.5   118.9   0.09214
7900    53398.4 1210.73284	0.0226736	1.21379 276.0   130.9   0.10141
8000    53554.4 1415.45234	0.0264302	1.18552 239.5   123.8   0.09592
8100    53718.6 1646.10647	0.0306432	1.19055 246.0   129.8   0.10056
8200    53601.1 1168.15089	0.0217934	1.20101 259.5   126.6   0.09810
end try 3

begin try 4
100     53668.9 1197.58230	0.0223143	1.23277 300.5   136.7   0.10587
200     53995.1 1424.24298	0.0263773	1.23586 304.5   142.5   0.11036
300     53775.2 1195.19011	0.0222257	1.23819 307.5   137.7   0.10663
400     54536.4 1439.22748	0.0263902	1.20372 263.0   136.0   0.10533
500     53472.6 1326.93874	0.0248153	1.20178 260.5   126.7   0.09816
600     54065.1 1403.65380	0.0259623	1.22270 287.5   141.2   0.10936
700     53914.0 1659.72053	0.0307846	1.19404 250.5   124.3   0.09628
800     53446.6 1605.55245	0.0300403	1.19791 255.5   125.0   0.09679
900     53856.0 1197.43368	0.0222340	1.21263 274.5   131.8   0.10211
1000    54248.9 1697.34204	0.0312880	1.22115 285.5   134.7   0.10435
1100    54221.3 1624.05156	0.0299523	1.22773 294.0   142.2   0.11018
1200    53945.0 1633.98071	0.0302898	1.22851 295.0   140.6   0.10893
1300    54008.0 1448.60687	0.0268221	1.20837 269.0   131.8   0.10210
1400    53813.0 1390.99272	0.0258486	1.22502 290.5   137.5   0.10653
1500    53978.7 1383.57684	0.0256319	1.22424 289.5   138.8   0.10749
1600    54061.8 1307.16112	0.0241790	1.21650 279.5   137.5   0.10652
1700    54092.9 1574.42926	0.0291060	1.20527 265.0   134.8   0.10442
1800    53841.2 986.31109	0.0183189	1.23548 304.0   149.0   0.11541
1900    54086.8 1337.17707	0.0247228	1.22270 287.5   138.2   0.10705
2000    53848.1 1436.10877	0.0266696	1.22502 290.5   142.8   0.11059
2100    53800.6 1181.29675	0.0219569	1.20256 261.5   125.5   0.09718
2200    53962.4 1873.49593	0.0347185	1.19481 251.5   124.9   0.09676
2300    53609.0 1474.67505	0.0275080	1.22424 289.5   139.1   0.10773
2400    54480.0 1496.31703	0.0274654	1.22386 289.0   137.8   0.10675
2500    53791.5 1343.54807	0.0249770	1.22579 291.5   135.3   0.10483
2600    54033.7 1525.24454	0.0282277	1.21921 283.0   131.0   0.10146
2700    54470.2 1600.23221	0.0293781	1.22773 294.0   142.0   0.10998
2800    54108.1 1574.85671	0.0291058	1.22270 287.5   135.3   0.10479
2900    53544.8 1689.98700	0.0315621	1.20720 267.5   126.9   0.09829
3000    54127.6 1268.72331	0.0234395	1.22928 296.0   132.1   0.10232
3100    54019.2 1569.65432	0.0290573	1.23238 300.0   147.8   0.11452
3200    53454.9 1109.02105	0.0207469	1.21998 284.0   132.5   0.10263
3300    54033.3 1256.40441	0.0232524	1.20643 266.5   129.5   0.10032
3400    53742.6 1458.74052	0.0271431	1.22115 285.5   134.2   0.10394
3500    54114.5 1149.63730	0.0212445	1.21263 274.5   140.0   0.10841
3600    54524.8 1442.27102	0.0264517	1.23122 298.5   149.6   0.11591
3700    54020.5 1489.89214	0.0275801	1.21805 281.5   134.6   0.10429
3800    54028.4 1552.15039	0.0287284	1.21805 281.5   135.8   0.10521
3900    54050.3 1141.02350	0.0211104	1.21844 282.0   135.0   0.10454
4000    53488.5 1070.28719	0.0200097	1.21224 274.0   125.4   0.09713
4100    53985.8 1120.36723	0.0207530	1.22308 288.0   142.2   0.11012
4200    54587.8 1879.92368	0.0344385	1.22541 291.0   140.6   0.10890
4300    54106.0 1452.00105	0.0268362	1.19249 248.5   134.7   0.10436
4400    53938.0 1119.80778	0.0207610	1.21766 281.0   135.5   0.10499
4500    53822.3 1398.99666	0.0259929	1.22851 295.0   139.9   0.10836
4600    54099.0 1471.88703	0.0272073	1.20682 267.0   130.4   0.10100
4700    54006.2 1225.07303	0.0226839	1.22463 290.0   144.3   0.11178
4800    53624.4 1527.57929	0.0284866	1.22502 290.5   136.2   0.10547
4900    53763.2 1200.58502	0.0223310	1.22037 284.5   131.9   0.10217
5000    54195.4 1178.41260	0.0217438	1.21030 271.5   135.0   0.10458
5100    53442.4 1222.58810	0.0228767	1.20062 259.0   127.5   0.09872
5200    53772.2 1626.26268	0.0302436	1.21301 275.0   128.1   0.09923
5300    53585.6 1192.93287	0.0222622	1.21495 277.5   132.9   0.10297
5400    53406.6 1117.71064	0.0209283	1.19946 257.5   129.9   0.10061
5500    54163.6 1571.41420	0.0290124	1.20991 271.0   129.2   0.10005
5600    53747.8 1378.03904	0.0256390	1.18552 239.5   116.5   0.09021
5700    53584.0 1228.54779	0.0229275	1.18048 233.0   118.8   0.09206
5800    53949.4 1237.49940	0.0229381	1.21301 275.0   129.1   0.10003
5900    54156.6 1100.71651	0.0203247	1.21379 276.0   134.1   0.10386
6000    54058.4 1923.80382	0.0355875	1.20643 266.5   128.3   0.09936
6100    53723.4 1688.03715	0.0314209	1.20488 264.5   120.3   0.09318
6200    53951.4 1665.14441	0.0308638	1.20953 270.5   135.2   0.10469
6300    53685.5 1274.04085	0.0237316	1.19326 249.5   122.7   0.09500
6400    53218.0 1131.48941	0.0212614	1.17390 224.5   105.7   0.08187
6500    53457.6 1150.54342	0.0215225	1.18784 242.5   121.9   0.09441
6600    53578.3 1092.21414	0.0203854	1.19249 248.5   125.2   0.09696
6700    53652.5 1313.89520	0.0244890	1.21844 282.0   137.2   0.10628
6800    53452.6 1510.60619	0.0282606	1.19171 247.5   120.2   0.09310
6900    54018.9 1324.12638	0.0245123	1.21805 281.5   139.5   0.10806
7000    53403.6 1246.32145	0.0233378	1.17080 220.5   109.5   0.08479
7100    54466.6 1634.52012	0.0300096	1.20449 264.0   138.0   0.10693
7200    54147.5 1188.99972	0.0219585	1.20139 260.0   134.9   0.10446
7300    53334.0 1157.60493	0.0217048	1.19094 246.5   122.0   0.09452
7400    54082.6 1270.18532	0.0234860	1.21727 280.5   134.3   0.10402
7500    54549.1 2197.85735	0.0402914	1.18823 243.0   125.8   0.09744
7600    54303.6 1084.77920	0.0199762	1.18552 239.5   124.1   0.09610
7700    53863.1 1591.37621	0.0295448	1.19404 250.5   114.0   0.08828
7800    53681.5 1147.64582	0.0213788	1.18125 234.0   118.4   0.09173
7900    53468.0 1109.67670	0.0207540	1.20178 260.5   125.0   0.09683
end try 4


begin try 5
100     53801.8 1137.01185	0.0211334	1.20023 258.5   123.9   0.09599
200     53431.6 1325.79341	0.0248129	1.16847 217.5   116.8   0.09047
300     53532.9 1148.60771	0.0214561	1.16964 219.0   110.2   0.08533
400     53450.0 1451.32768	0.0271530	1.19365 250.0   118.4   0.09170
500     53787.8 1396.63795	0.0259657	1.20101 259.5   133.4   0.10332
600     54288.1 1434.19783	0.0264183	1.19171 247.5   127.7   0.09892
700     54395.8 1374.51438	0.0252688	1.21998 284.0   144.3   0.11179
800     53677.8 1150.89447	0.0214408	1.18706 241.5   118.0   0.09144
900     53994.2 1246.72355	0.0230899	1.18590 240.0   119.3   0.09239
1000    53530.6 1258.64136	0.0235125	1.18861 243.5   120.7   0.09350
1100    54272.8 1273.44901	0.0234638	1.20643 266.5   132.2   0.10242
1200    54401.4 1438.47440	0.0264418	1.21882 282.5   141.0   0.10924
1300    53534.3 1434.41590	0.0267943	1.19171 247.5   119.9   0.09287
1400    54184.4 1255.22681	0.0231658	1.22231 287.0   134.8   0.10445
1500    53951.2 1420.26004	0.0263249	1.21611 279.0   138.0   0.10687
1600    54098.5 1846.90340	0.0341397	1.19907 257.0   116.5   0.09025
1700    53953.8 1345.08487	0.0249303	1.19946 257.5   119.3   0.09239
1800    54013.6 1245.02339	0.0230502	1.21030 271.5   137.4   0.10644
1900    54006.9 1240.48254	0.0229690	1.23703 306.0   136.4   0.10564
2000    53714.8 1197.72247	0.0222978	1.20411 263.5   127.0   0.09837
2100    53861.7 1328.62807	0.0246674	1.19520 252.0   125.8   0.09746
2200    54175.0 1360.55251	0.0251140	1.17893 231.0   118.5   0.09181
2300    54002.9 1148.00384	0.0212582	1.20798 268.5   130.3   0.10096
2400    53440.7 1647.71091	0.0308325	1.16112 208.0   98.9    0.07657
2500    53724.6 1359.34920	0.0253022	1.20759 268.0   121.7   0.09426
2600    54180.6 1335.57668	0.0246504	1.19287 249.0   130.2   0.10083
2700    53964.5 1355.07749	0.0251105	1.20837 269.0   133.3   0.10324
2800    53660.0 1211.04192	0.0225688	1.18358 237.0   118.3   0.09162
2900    53460.4 1307.72258	0.0244615	1.20875 269.5   125.1   0.09689
3000    53518.8 1121.53090	0.0209558	1.18280 236.0   122.0   0.09448
3100    54015.4 1302.47188	0.0241130	1.19868 256.5   123.8   0.09591
3200    54094.0 1523.61041	0.0281660	1.18706 241.5   121.5   0.09415
3300    53914.9 1145.84350	0.0212528	1.21534 278.0   135.3   0.10482
3400    53276.0 1182.89431	0.0222032	1.19326 249.5   123.5   0.09568
3500    53460.5 1319.36295	0.0246792	1.15337 198.0   105.5   0.08168
3600    53472.2 1782.93834	0.0333433	1.18435 238.0   122.4   0.09480
3700    54522.8 1365.35527	0.0250419	1.20256 261.5   132.3   0.10246
3800    53371.8 1359.72391	0.0254765	1.18668 241.0   116.1   0.08994
3900    53551.5 1715.24224	0.0320298	1.16886 218.0   110.0   0.08522
4000    53731.0 1348.74075	0.0251017	1.19365 250.0   121.9   0.09444
4100    53620.0 1089.32345	0.0203156	1.18009 232.5   125.1   0.09687
4200    54081.4 1602.31468	0.0296278	1.21263 274.5   137.1   0.10618
4300    53838.2 1643.36855	0.0305242	1.18435 238.0   118.0   0.09138
4400    54155.8 1384.40001	0.0255633	1.21185 273.5   129.2   0.10006
4500    53292.6 947.85648	0.0177859	1.17661 228.0   115.8   0.08970
4600    53600.8 1058.64771	0.0197506	1.19016 245.5   118.3   0.09162
4700    53749.2 1381.37912	0.0257004	1.20759 268.0   127.2   0.09851
4800    53419.2 1316.32913	0.0246415	1.15686 202.5   100.4   0.07775
4900    53660.4 1433.41975	0.0267128	1.18900 244.0   119.6   0.09266
5000    53621.0 1543.40206	0.0287835	1.21146 273.0   133.5   0.10344
5100    53444.2 967.55713	0.0181041	1.19868 256.5   123.6   0.09572
5200    53760.2 1325.97724	0.0246647	1.19907 257.0   124.5   0.09642
5300    54205.3 1437.03096	0.0265109	1.18087 233.5   116.1   0.08990
5400    53168.8 831.50391	0.0156389	1.16770 216.5   116.7   0.09038
5500    53601.6 1061.50083	0.0198035	1.18900 244.0   118.6   0.09185
5600    53225.1 1158.26812	0.0217617	1.18706 241.5   117.2   0.09080
5700    54047.6 1166.29434	0.0215790	1.23160 299.0   148.1   0.11474
5800    53473.8 1342.79720	0.0251113	1.17506 226.0   113.0   0.08752
5900    53761.2 1431.55307	0.0266280	1.20449 264.0   127.9   0.09907
6000    53938.6 1416.31950	0.0262580	1.18319 236.5   124.0   0.09603
6100    53565.0 1100.48054	0.0205448	1.20798 268.5   128.0   0.09912
6200    53806.7 1481.15095	0.0275273	1.21301 275.0   132.3   0.10244
6300    53393.3 1434.56537	0.0268679	1.17196 222.0   121.2   0.09389
6400    53785.2 1909.18111	0.0354964	1.17041 220.0   110.7   0.08572
6500    53648.5 917.30875	0.0170985	1.17351 224.0   110.9   0.08590
6600    53259.5 1130.78694	0.0212316	1.17041 220.0   111.3   0.08625
6700    53937.2 1393.48621	0.0258354	1.17932 231.5   122.2   0.09465
6800    53570.4 961.10487	0.0179410	1.19171 247.5   120.4   0.09326
6900    53621.3 1183.73367	0.0220758	1.19171 247.5   124.0   0.09604
7000    53428.3 1295.75257	0.0242522	1.18358 237.0   120.9   0.09365
7100    53764.5 1240.32946	0.0230697	1.20488 264.5   129.4   0.10023
7200    53717.2 1119.28645	0.0208366	1.17545 226.5   118.9   0.09209
7300    54234.7 1241.93164	0.0228992	1.22231 287.0   138.1   0.10697
7400    53737.7 1308.93323	0.0243578	1.17622 227.5   120.0   0.09298
7500    53362.0 1091.96457	0.0204634	1.19597 253.0   127.3   0.09858
7600    53635.0 1310.54651	0.0244345	1.17196 222.0   118.1   0.09151
7700    53707.4 1464.84334	0.0272745	1.16886 218.0   112.1   0.08684
7800    53195.7 1119.28790	0.0210410	1.19442 251.0   119.7   0.09275
7900    53768.6 1650.80944	0.0307021	1.18280 236.0   111.1   0.08607
8000    53496.4 1191.89656	0.0222800	1.19830 256.0   121.5   0.09408
end try 5

begin try 6
100     54465.0 1630.52665	0.0299371	1.26956 348.0   154.7   0.11986
200     54043.2 1372.65274	0.0253992	1.26569 343.0   149.2   0.11556
300     54068.3 1167.76959	0.0215980	1.24516 316.5   149.0   0.11543
400     53769.5 1325.73068	0.0246558	1.24167 312.0   139.7   0.10820
500     53883.6 1010.16364	0.0187471	1.24942 322.0   142.7   0.11056
600     53607.0 1190.39076	0.0222059	1.23083 298.0   138.8   0.10750
700     54242.0 1793.59304	0.0330665	1.22618 292.0   138.0   0.10692
800     54226.0 1597.65424	0.0294629	1.22928 296.0   139.1   0.10771
900     53500.0 1027.10270	0.0191982	1.21572 278.5   133.9   0.10375
1000    54151.7 1488.28435	0.0274836	1.25794 333.0   151.9   0.11763
1100    54118.0 1409.03071	0.0260362	1.23354 301.5   143.0   0.11080
1200    53647.9 926.48990	0.0172698	1.24322 314.0   142.1   0.11007
1300    53661.2 1259.88260	0.0234785	1.23431 302.5   142.9   0.11068
1400    54548.4 1245.72448	0.0228371	1.24826 320.5   149.2   0.11556
1500    53685.0 902.97372	0.0168199	1.24012 310.0   150.0   0.11620
1600    53382.6 970.11644	0.0181729	1.23160 299.0   140.0   0.10844
1700    53814.3 1686.00743	0.0313301	1.24322 314.0   147.1   0.11393
1800    54108.7 1404.98958	0.0259660	1.25213 325.5   150.0   0.11621
1900    54159.0 944.01863	0.0174305	1.25058 323.5   150.8   0.11681
2000    54242.2 1459.57245	0.0269084	1.22618 292.0   136.7   0.10587
2100    54043.4 1241.00456	0.0229631	1.23857 308.0   145.6   0.11281
2200    54126.5 1373.79420	0.0253812	1.24129 311.5   145.1   0.11236
2300    54056.2 1280.56075	0.0236894	1.23238 300.0   148.0   0.11467
2400    53716.0 1292.91102	0.0240694	1.22541 291.0   139.2   0.10781
2500    53735.9 1121.69655	0.0208742	1.24129 311.5   147.4   0.11414
2600    53850.2 1075.77651	0.0199772	1.24284 313.5   145.3   0.11257
2700    54198.8 1500.36482	0.0276826	1.25445 328.5   146.9   0.11376
2800    54006.1 1530.23730	0.0283345	1.24361 314.5   150.7   0.11675
2900    53976.2 1239.07618	0.0229560	1.23238 300.0   145.4   0.11264
3000    54155.3 1372.57167	0.0253451	1.24167 312.0   149.3   0.11568
3100    53989.8 1508.43820	0.0279393	1.22076 285.0   133.1   0.10313
3200    54495.2 1576.86254	0.0289358	1.25910 334.5   152.8   0.11838
3300    54000.2 1317.87799	0.0244051	1.23509 303.5   150.2   0.11638
3400    53891.6 1277.02056	0.0236961	1.23277 300.5   137.2   0.10624
3500    53553.9 1437.80006	0.0268477	1.24284 313.5   139.3   0.10792
3600    53786.6 1382.28516	0.0256995	1.22386 289.0   139.9   0.10837
3700    54356.1 1262.36334	0.0232239	1.24167 312.0   147.6   0.11429
3800    53811.3 1633.99499	0.0303653	1.23315 301.0   139.8   0.10832
3900    54437.2 1196.25293	0.0219749	1.24981 322.5   151.1   0.11704
4000    53973.2 1388.01160	0.0257167	1.24555 317.0   142.7   0.11051
4100    54007.6 1651.12240	0.0305721	1.24012 310.0   139.0   0.10765
4200    54087.9 1280.02127	0.0236656	1.24555 317.0   143.1   0.11083
4300    53818.5 1206.44989	0.0224170	1.23780 307.0   143.8   0.11136
4400    54194.8 1068.06637	0.0197079	1.24245 313.0   150.0   0.11621
4500    54287.7 1418.64844	0.0261321	1.23974 309.5   141.6   0.10966
4600    53589.3 949.81436	0.0177239	1.21340 275.5   133.2   0.10314
4700    53877.0 1428.15828	0.0265078	1.20837 269.0   133.8   0.10366
4800    53697.2 1178.67270	0.0219504	1.22502 290.5   133.2   0.10321
4900    54134.4 1241.20795	0.0229283	1.20682 267.0   130.7   0.10123
5000    53768.8 1523.68551	0.0283377	1.22424 289.5   134.6   0.10422
5100    54223.0 1615.89040	0.0298009	1.21611 279.0   132.9   0.10294
5200    53908.6 1493.72950	0.0277085	1.21185 273.5   135.2   0.10472
5300    54024.2 1773.55794	0.0328289	1.21998 284.0   138.8   0.10750
5400    53803.4 1278.90181	0.0237699	1.21844 282.0   137.1   0.10619
5500    54388.5 1224.10437	0.0225067	1.22541 291.0   139.2   0.10784
5600    54344.3 1307.25408	0.0240550	1.21650 279.5   142.0   0.11001
5700    54905.0 1172.10539	0.0213479	1.20720 267.5   131.7   0.10201
5800    53772.8 1238.87235	0.0230390	1.21301 275.0   135.8   0.10523
5900    53973.8 1446.72960	0.0268043	1.22386 289.0   140.5   0.10882
6000    54174.8 1592.67938	0.0293989	1.20372 263.0   128.0   0.09918
6100    53767.7 1479.40069	0.0275147	1.23780 307.0   141.2   0.10938
6200    53966.9 1240.51716	0.0229866	1.21844 282.0   136.6   0.10578
6300    54173.2 1510.13282	0.0278760	1.21882 282.5   138.1   0.10695
6400    53841.1 1299.68310	0.0241392	1.22734 293.5   138.3   0.10715
6500    54220.7 1296.96462	0.0239201	1.22967 296.5   148.1   0.11469
6600    53937.8 1485.08437	0.0275333	1.22270 287.5   131.5   0.10188
6700    54297.0 1138.84947	0.0209745	1.22231 287.0   138.5   0.10729
6800    54359.4 1402.59533	0.0258022	1.21418 276.5   135.2   0.10474
6900    54101.2 1093.85545      0.0202187       1.22967 296.5   139.5   0.10806
7000    54104.0 1179.46158      0.0217999       1.24981 322.5   150.7   0.11675
7100    54107.8 1331.69823	0.0246119	1.22734 293.5   143.4   0.11106
7200    54070.2 1207.40799	0.0223304	1.23664 305.5   142.9   0.11071
7300    53431.0 1310.79758	0.0245325	1.22424 289.5   140.5   0.10886
7400    54267.7 1364.79979	0.0251494	1.21263 274.5   136.2   0.10549
7500    54219.8 1515.41150	0.0279494	1.24284 313.5   143.9   0.11143
7600    53798.3 1274.69195	0.0236939	1.21146 273.0   140.3   0.10867
7700    53500.0 1210.00408	0.0226169	1.22192 286.5   130.1   0.10081
7800    53476.0 1275.74369	0.0238564	1.23199 299.5   143.5   0.11119
7900    53729.3 1256.48172	0.0233854	1.22734 293.5   142.3   0.11023
end try 6

begin try 7
100     53388.0 1317.66907	0.0246810	1.22657 292.5   140.2   0.10862
200     54000.2 1257.47943	0.0232866	1.20527 265.0   127.9   0.09905
300     53921.3 1143.80525	0.0212125	1.21534 278.0   135.7   0.10514
400     54157.3 1077.41298	0.0198941	1.23548 304.0   147.2   0.11405
500     53698.2 1287.87609	0.0239836	1.21495 277.5   136.8   0.10594
600     53966.0 961.86193	0.0178235	1.23238 300.0   143.2   0.11096
700     53955.1 1179.04079	0.0218523	1.20643 266.5   121.2   0.09387
800     53424.7 1358.20187	0.0254227	1.22037 284.5   132.5   0.10265
900     53703.4 1398.03630	0.0260325	1.20953 270.5   123.4   0.09558
1000    54298.2 1367.60918	0.0251870	1.23122 298.5   143.9   0.11147
1100    53502.8 1396.66039	0.0261044	1.22192 286.5   136.6   0.10578
1200    54170.0 1120.66651	0.0206880	1.23974 309.5   145.9   0.11303
1300    53950.7 1219.12556	0.0225970	1.22928 296.0   148.3   0.11484
1400    53827.3 1381.56205	0.0256666	1.23354 301.5   137.7   0.10665
1500    53827.3 1174.70991	0.0218237	1.20914 270.0   135.5   0.10496
1600    53679.0 1528.47669	0.0284744	1.22192 286.5   137.5   0.10650
1700    53859.5 1461.26715	0.0271311	1.24012 310.0   144.8   0.11214
1800    53499.2 1198.21048	0.0223968	1.23393 302.0   138.7   0.10741
1900    54055.2 1320.35112	0.0244260	1.23703 306.0   144.1   0.11166
2000    53894.2 1196.66985	0.0222041	1.20565 265.5   131.0   0.10149
2100    53613.5 1501.93195	0.0280141	1.21689 280.0   128.5   0.09956
2200    53689.1 1509.87825	0.0281226	1.23005 297.0   143.6   0.11126
2300    53808.0 1256.78500	0.0233569	1.20333 262.5   127.7   0.09893
2400    53990.2 1236.27575	0.0228982	1.22192 286.5   133.5   0.10344
2500    53466.4 1017.58968	0.0190323	1.20101 259.5   128.8   0.09979
2600    54160.4 1576.59858	0.0291098	1.20875 269.5   133.9   0.10375
2700    53840.9 1286.37990	0.0238922	1.22812 294.5   134.2   0.10394
2800    53852.5 1045.98435	0.0194231	1.22502 290.5   135.1   0.10467
2900    53587.4 1196.38417	0.0223258	1.23586 304.5   134.3   0.10403
3000    53861.6 1288.84438	0.0239288	1.22734 293.5   142.6   0.11045
3100    53117.8 951.82630	0.0179191	1.20527 265.0   122.7   0.09504
3200    53996.4 1428.41196	0.0264539	1.22231 287.0   134.3   0.10402
3300    53951.1 1268.21281	0.0235067	1.23354 301.5   140.1   0.10854
3400    53981.5 1156.64677	0.0214267	1.22153 286.0   135.4   0.10489
3500    53830.7 1138.08804	0.0211420	1.22502 290.5   137.1   0.10616
3600    54277.0 1650.04528	0.0304005	1.22037 284.5   131.8   0.10213
3700    53589.9 962.05056	0.0179521	1.20333 262.5   132.0   0.10226
3800    53847.8 1173.94516	0.0218012	1.22192 286.5   138.9   0.10758
3900    53964.4 1229.91352	0.0227912	1.23122 298.5   144.6   0.11199
4000    53696.4 1387.10288	0.0258323	1.21263 274.5   130.4   0.10102
4100    53895.1 1319.20999	0.0244774	1.24051 310.5   140.4   0.10875
4200    53803.5 973.64911	0.0180964	1.22696 293.0   135.7   0.10508
4300    53641.8 1291.16954	0.0240702	1.24090 311.0   141.5   0.10960
4400    54187.4 1376.45487	0.0254018	1.23160 299.0   139.3   0.10790
4500    53481.2 1531.16415	0.0286300	1.20372 263.0   127.1   0.09849
4600    53882.4 1241.82429	0.0230470	1.21224 274.0   131.2   0.10163
4700    53404.8 1152.65328	0.0215833	1.20178 260.5   117.7   0.09114
4800    53948.9 1362.51028	0.0252556	1.23199 299.5   139.5   0.10805
4900    53602.6 1141.37790	0.0212933	1.20565 265.5   131.3   0.10172
5000    54418.2 1256.13489	0.0230830	1.23625 305.0   145.7   0.11287
5100    53695.0 1392.94861	0.0259419	1.19830 256.0   127.3   0.09862
5200    53871.9 989.35172	0.0183649	1.24477 316.0   146.6   0.11353
5300    53792.6 1169.52020	0.0217413	1.21108 272.5   124.6   0.09653
5400    54214.6 1193.02235	0.0220056	1.22037 284.5   137.5   0.10653
5500    53833.2 1348.12990	0.0250427	1.21844 282.0   127.2   0.09850
5600    53743.8 1733.36249	0.0322523	1.21108 272.5   130.2   0.10082
5700    53798.2 1230.91782	0.0228803	1.21108 272.5   127.5   0.09873
5800    53392.8 890.56207	0.0166794	1.23044 297.5   133.5   0.10341
5900    54218.4 1692.56543	0.0312176	1.21650 279.5   140.7   0.10898
6000    54062.5 1296.57414	0.0239829	1.20294 262.0   128.8   0.09981
6100    53653.6 1112.05620	0.0207266	1.21030 271.5   126.9   0.09833
6200    53857.0 955.71509	0.0177454	1.22928 296.0   141.6   0.10965
6300    53939.6 1156.78444	0.0214459	1.22579 291.5   137.7   0.10668
6400    53374.7 1012.87741	0.0189767	1.21960 283.5   130.2   0.10083
6500    53451.2 1355.65180	0.0253624	1.21534 278.0   128.7   0.09965
6600    53657.5 1146.48191	0.0213667	1.20023 258.5   129.4   0.10025
6700    53816.0 1098.04347	0.0204037	1.21844 282.0   131.2   0.10166
6800    53680.4 1098.07665	0.0204558	1.21456 277.0   133.7   0.10357
6900    53613.2 1091.41763	0.0203572	1.21301 275.0   133.3   0.10322
7000    53937.8 1142.62478	0.0211841	1.22618 292.0   144.6   0.11203
7100    54021.3 1192.64236	0.0220773	1.20062 259.0   125.5   0.09719
7200    53787.5 1177.55340	0.0218927	1.20488 264.5   132.7   0.10277
7300    53598.4 1187.25805	0.0221510	1.20643 266.5   127.6   0.09886
7400    53837.4 1239.22802	0.0230180	1.22928 296.0   138.3   0.10714
7500    54369.1 1466.91354	0.0269807	1.22851 295.0   149.6   0.11586
7600    54398.5 1402.25887	0.0257775	1.23819 307.5   146.4   0.11343
7700    54080.8 879.48028	0.0162623	1.21921 283.0   133.3   0.10325
7800    53816.6 964.20087	0.0179164	1.21379 276.0   138.0   0.10692
7900    53564.4 1531.13792	0.0285850	1.20759 268.0   131.4   0.10175
8000    54017.5 1267.69404	0.0234682	1.21185 273.5   133.6   0.10350
end try 7

begin try 8
100     53818.2 1034.86042	0.0192288	1.22192 286.5   137.7   0.10663
200     54168.9 1200.82884	0.0221682	1.22502 290.5   141.5   0.10962
300     53245.2 1353.12073	0.0254130	1.18087 233.5   116.1   0.08996
400     53896.2 1284.77989	0.0238380	1.19558 252.5   130.8   0.10129
500     53637.4 1234.90691	0.0230233	1.20449 264.0   129.6   0.10041
600     53111.6 1412.18280	0.0265890	1.14833 191.5   103.0   0.07975
700     53262.2 1008.70603	0.0189385	1.16266 210.0   104.7   0.08112
800     53517.2 1301.40716	0.0243175	1.16383 211.5   117.6   0.09109
900     53022.0 1089.19950	0.0205424	1.16925 218.5   105.6   0.08180
1000    53080.4 1275.02507	0.0240206	1.16538 213.5   108.3   0.08388
1100    53958.6 1503.99784	0.0278732	1.21224 274.0   130.0   0.10069
1200    53802.8 1447.53675	0.0269045	1.18319 236.5   126.7   0.09812
1300    54073.5 1648.03565	0.0304777	1.18242 235.5   116.7   0.09042
1400    53850.5 1473.84630	0.0273692	1.20875 269.5   128.8   0.09976
1500    53709.6 1216.21558	0.0226443	1.17622 227.5   121.5   0.09414
1600    53754.0 1581.63919	0.0294236	1.18435 238.0   121.1   0.09378
1700    53416.6 1009.59752	0.0189004	1.17777 229.5   117.0   0.09060
1800    53342.5 1160.31814	0.0217522	1.19055 246.0   121.2   0.09390
1900    53294.4 937.82270	0.0175970	1.17196 222.0   112.5   0.08711
2000    53493.6 997.65028	0.0186499	1.21456 277.0   127.8   0.09900
2100    53353.0 1258.39890	0.0235863	1.19055 246.0   115.8   0.08972
2200    53411.8 1124.04257	0.0210449	1.21340 275.5   122.5   0.09489
2300    53790.7 1440.82325	0.0267857	1.20565 265.5   128.4   0.09947
2400    53077.4 1036.87153	0.0195351	1.17119 221.0   107.0   0.08290
2500    53869.8 1474.71446	0.0273755	1.20023 258.5   123.6   0.09571
2600    53164.0 1087.50862	0.0204557	1.17273 223.0   113.9   0.08824
2700    53716.6 901.70427	0.0167863	1.20062 259.0   120.5   0.09332
2800    52996.3 936.61583	0.0176732	1.16383 211.5   105.0   0.08137
2900    53372.6 1211.80255	0.0227046	1.19868 256.5   125.6   0.09727
3000    53514.7 954.49549	0.0178361	1.15143 195.5   109.5   0.08482
3100    53016.4 1264.12717	0.0238441	1.17080 220.5   107.5   0.08324
3200    53332.9 1174.05433	0.0220137	1.19520 252.0   118.9   0.09211
3300    53209.5 1002.11377	0.0188334	1.22076 285.0   129.5   0.10031
3400    53389.3 1142.55440	0.0214004	1.17583 227.0   113.5   0.08795
3500    53553.8 1253.16455	0.0234001	1.15995 206.5   112.6   0.08721
3600    53573.0 1278.07841	0.0238568	1.18280 236.0   120.4   0.09325
3700    53422.9 1509.88960	0.0282630	1.14795 191.0   103.7   0.08034
3800    52665.0 1042.36668	0.0197924	1.15414 199.0   95.5    0.07399
3900    53094.9 1409.19810	0.0265411	1.17273 223.0   112.7   0.08729
4000    53155.8 1736.00536	0.0326588	1.17196 222.0   109.8   0.08506
4100    53277.7 1140.86227	0.0214135	1.15337 198.0   110.3   0.08546
4200    52941.5 1071.53010	0.0202399	1.17622 227.5   109.3   0.08468
4300    52951.8 1201.95633	0.0226991	1.15492 200.0   97.3    0.07535
4400    53372.0 1069.26864	0.0200343	1.19442 251.0   115.2   0.08920
4500    53586.4 1218.33205	0.0227359	1.17699 228.5   113.3   0.08779
4600    53464.9 1455.50072	0.0272235	1.19946 257.5   124.1   0.09610
4700    53768.4 1165.67298	0.0216795	1.18900 244.0   120.9   0.09363
4800    53072.9 1105.64963	0.0208327	1.17002 219.5   108.2   0.08381
4900    53499.7 1138.32958	0.0212773	1.20101 259.5   125.9   0.09752
5000    53608.2 1125.97296	0.0210037	1.19094 246.5   128.1   0.09919
5100    53177.8 1222.60465	0.0229909	1.17157 221.5   110.7   0.08575
5200    53038.9 1403.20160	0.0264561	1.16112 208.0   106.1   0.08222
5300    53129.4 1354.31963	0.0254910	1.17235 222.5   110.2   0.08539
5400    54214.1 1785.46056	0.0329335	1.20759 268.0   129.9   0.10059
5500    54022.7 1177.15603	0.0217900	1.19520 252.0   127.1   0.09847
5600    53676.2 1403.29318	0.0261437	1.19132 247.0   118.3   0.09167
5700    53547.8 1406.12261	0.0262592	1.18474 238.5   116.0   0.08985
5800    53768.8 1687.83147	0.0313905	1.19636 253.5   122.7   0.09500
5900    52629.1 998.03327	0.0189635	1.13439 173.5   89.2    0.06907
6000    53336.6 967.52468	0.0181400	1.16499 213.0   112.9   0.08747
6100    53749.8 1342.36064	0.0249742	1.18745 242.0   118.8   0.09204
6200    53813.8 1238.08202	0.0230068	1.16692 215.5   109.8   0.08508
6300    53304.8 1186.99437	0.0222680	1.19442 251.0   120.0   0.09295
6400    53567.8 1143.50361	0.0213468	1.20527 265.0   126.0   0.09763
6500    52948.5 1043.70259	0.0197117	1.17467 225.5   107.3   0.08313
6600    53543.1 1175.74232	0.0219588	1.19946 257.5   124.5   0.09648
6700    53120.6 1140.81232	0.0214759	1.16925 218.5   109.2   0.08462
6800    53874.1 1368.46203	0.0254011	1.17545 226.5   113.7   0.08807
6900    53287.4 1060.77004	0.0199066	1.19365 250.0   119.6   0.09267
7000    53544.4 1102.56901	0.0205917	1.22502 290.5   130.3   0.10093
7100    53323.8 1463.43223	0.0274442	1.16034 207.0   105.1   0.08140
7200    53308.6 1097.61552	0.0205898	1.19210 248.0   119.5   0.09258
7300    53352.5 1245.02407	0.0233358	1.20759 268.0   126.8   0.09823
7400    53156.2 945.66561	0.0177903	1.18513 239.0   117.2   0.09080
7500    53254.8 1184.89820	0.0222496	1.18009 232.5   121.6   0.09420
7600    53699.2 1637.89253	0.0305012	1.20914 270.0   132.6   0.10272
7700    53702.7 973.33497	0.0181245	1.20798 268.5   126.8   0.09824
7800    53297.4 1048.81378	0.0196785	1.18784 242.5   121.9   0.09443
7900    53772.8 1305.11714	0.0242710	1.21069 272.0   126.1   0.09769
8000    53486.8 1101.64314	0.0205966	1.18900 244.0   121.5   0.09413
8100    54107.8 1294.18878	0.0239187	1.20488 264.5   128.0   0.09913
8200    53862.8 1383.41385	0.0256840	1.17816 230.0   124.7   0.09655
8300    53583.2 1089.42862	0.0203315	1.15995 206.5   116.4   0.09017
8400    53862.3 1139.57363	0.0211572	1.17041 220.0   117.5   0.09104
8500    54052.1 1709.58578	0.0316285	1.19907 257.0   126.4   0.09790
8600    53557.0 1131.10075	0.0211196	1.20991 271.0   134.9   0.10450
8700    54147.5 1352.94919	0.0249864	1.20062 259.0   127.4   0.09870
8800    53910.4 1049.81165	0.0194733	1.19675 254.0   130.4   0.10100
8900    53264.8 987.20663	0.0185340	1.17583 227.0   119.1   0.09228
end try 8

begin try 9
100     54302.5 1518.58635	0.0279653	1.22541 291.0   137.2   0.10626
200     53726.7 1124.73569	0.0209344	1.22231 287.0   135.6   0.10503
300     53764.2 1028.96243	0.0191384	1.24012 310.0   146.0   0.11306
400     54264.8 1015.83324	0.0187199	1.21960 283.5   139.3   0.10791
500     53424.4 1088.65992	0.0203776	1.22270 287.5   135.1   0.10468
600     54028.7 1290.49143	0.0238853	1.23005 297.0   140.1   0.10852
700     53677.4 1156.15426	0.0215389	1.23509 303.5   141.4   0.10952
800     53880.0 1351.62422	0.0250858	1.22115 285.5   133.1   0.10309
900     54342.6 1594.43065	0.0293403	1.21921 283.0   139.1   0.10772
1000    53514.3 1201.95617	0.0224605	1.20178 260.5   127.8   0.09903
1100    54060.6 1223.23938	0.0226272	1.21805 281.5   131.6   0.10196
1200    54397.6 1305.89465	0.0240065	1.23935 309.0   146.9   0.11381
1300    53760.0 981.61315	0.0182592	1.22734 293.5   134.2   0.10397
1400    54264.3 1069.28268	0.0197051	1.23005 297.0   140.1   0.10849
1500    54579.4 1549.39055	0.0283878	1.22308 288.0   137.5   0.10651
1600    54597.4 1363.48050	0.0249734	1.23160 299.0   143.2   0.11089
1700    54782.8 1334.72378	0.0243639	1.25794 333.0   151.7   0.11748
1800    53734.8 1068.28021	0.0198806	1.23160 299.0   137.0   0.10615
1900    53612.6 1480.19261	0.0276090	1.21960 283.5   132.9   0.10293
2000    54080.3 1518.87842	0.0280856	1.22967 296.5   139.2   0.10783
2100    54539.2 1358.84762	0.0249150	1.24322 314.0   150.8   0.11678
2200    54003.6 1606.59446	0.0297498	1.23586 304.5   136.1   0.10546
2300    53829.0 1591.28388	0.0295619	1.23625 305.0   136.5   0.10572
2400    53887.8 1074.18155	0.0199337	1.23005 297.0   146.4   0.11342
2500    54492.2 1223.39583	0.0224508	1.22657 292.5   143.7   0.11131
2600    54148.7 1178.25003	0.0217595	1.23238 300.0   148.6   0.11512
2700    53994.6 1113.09651	0.0206150	1.22270 287.5   137.3   0.10639
2800    53656.1 997.20878	0.0185852	1.22734 293.5   137.5   0.10650
2900    53747.2 1656.98146	0.0308292	1.24400 315.0   146.2   0.11325
3000    54043.6 1327.41431	0.0245619	1.22618 292.0   138.6   0.10736
3100    54169.8 1389.51264	0.0256510	1.20604 266.0   134.8   0.10443
3200    53782.7 1478.42914	0.0274889	1.24516 316.5   147.7   0.11443
3300    53450.8 1440.81568	0.0269559	1.21495 277.5   130.0   0.10068
3400    54047.6 1764.87905	0.0326541	1.21340 275.5   134.8   0.10443
3500    54247.8 1475.04859	0.0271910	1.21921 283.0   136.0   0.10534
3600    53417.0 1247.84546	0.0233605	1.21572 278.5   129.5   0.10033
3700    54049.6 1320.80717	0.0244369	1.22424 289.5   137.5   0.10653
3800    54006.8 1206.37029	0.0223374	1.23044 297.5   136.9   0.10608
3900    54275.0 1407.60402	0.0259347	1.22076 285.0   140.7   0.10897
4000    53567.6 1237.40110	0.0230998	1.20759 268.0   132.3   0.10246
4100    54453.2 1624.46703	0.0298324	1.23354 301.5   147.6   0.11431
4200    54455.8 1407.06343	0.0258386	1.21146 273.0   136.2   0.10553
4300    53754.0 1325.42498	0.0246572	1.19713 254.5   121.3   0.09392
4400    54043.2 1629.95909	0.0301603	1.22463 290.0   143.6   0.11121
4500    53930.8 1187.32758	0.0220158	1.21960 283.5   139.9   0.10840
4600    54281.4 1519.54229	0.0279938	1.22192 286.5   140.2   0.10859
4700    54064.5 1344.76225	0.0248733	1.21418 276.5   130.1   0.10080
4800    53797.0 1212.51545	0.0225387	1.19326 249.5   126.8   0.09825
4900    53935.2 1654.41032	0.0306740	1.21030 271.5   129.2   0.10009
5000    53945.8 1634.63136	0.0303014	1.22541 291.0   136.8   0.10594
5100    53657.3 1118.48114	0.0208449	1.20604 266.0   135.5   0.10499
5200    53805.7 1128.99131	0.0209827	1.22153 286.0   138.9   0.10755
5300    53990.4 1129.56703	0.0209216	1.20991 271.0   130.9   0.10137
5400    53702.7 1280.38053	0.0238420	1.20101 259.5   129.7   0.10049
5500    53999.0 1307.62378	0.0242157	1.20953 270.5   131.0   0.10149
5600    53900.1 1143.70991	0.0212191	1.21689 280.0   131.7   0.10204
5700    53867.2 1255.13661	0.0233006	1.23625 305.0   143.1   0.11087
5800    53645.2 1239.80146	0.0231111	1.21727 280.5   137.6   0.10662
5900    54106.9 1434.14208	0.0265057	1.22037 284.5   137.1   0.10620
6000    54322.2 1263.15231	0.0232530	1.21844 282.0   139.2   0.10779
6100    54143.2 1182.38287	0.0218381	1.21805 281.5   131.8   0.10209
6200    54253.5 1212.55794	0.0223499	1.21805 281.5   140.2   0.10858
6300    53656.4 1312.85097	0.0244677	1.21844 282.0   131.4   0.10175
6400    53363.3 1094.35368	0.0205076	1.22463 290.0   131.8   0.10210
6500    54574.3 1343.74160	0.0246222	1.21185 273.5   135.5   0.10498
6600    53923.2 1433.02809	0.0265754	1.21805 281.5   136.3   0.10558
6700    54302.9 1253.79643	0.0230889	1.22037 284.5   138.5   0.10729
6800    53837.8 1246.88953	0.0231601	1.21030 271.5   133.1   0.10311
6900    53782.1 1703.06259	0.0316660	1.21185 273.5   128.5   0.09952
7000    54206.9 1023.24337	0.0188766	1.22657 292.5   146.0   0.11307
7100    54141.1 1396.60050	0.0257956	1.19868 256.5   130.7   0.10120
7200    53856.8 1376.58090	0.0255600	1.23625 305.0   144.7   0.11205
7300    53869.8 1464.20697	0.0271805	1.20217 261.0   129.2   0.10012
7400    54066.0 1252.36857	0.0231637	1.22231 287.0   141.9   0.10993
7500    54093.4 1270.06978	0.0234792	1.22812 294.5   144.0   0.11151
7600    53914.9 1586.19124	0.0294203	1.20178 260.5   128.6   0.09962
7700    53891.8 1010.23526	0.0187456	1.20914 270.0   134.9   0.10449
7800    54227.9 1381.21858	0.0254706	1.21379 276.0   141.5   0.10958
7900    53763.0 1036.25051	0.0192744	1.19404 250.5   130.6   0.10118
8000    53848.4 1587.92081	0.0294887	1.20178 260.5   134.2   0.10393
8100    54330.1 1808.71267	0.0332912	1.19249 248.5   118.1   0.09149
8200    54283.1 1364.21456	0.0251315	1.23315 301.0   141.9   0.10993
8300    53910.9 1482.22947	0.0274941	1.22115 285.5   143.9   0.11146
8400    53926.4 1317.31881	0.0244281	1.20256 261.5   135.5   0.10499
8500    53604.4 1470.58752	0.0274341	1.19675 254.0   125.6   0.09731
8600    54252.7 1427.46864	0.0263115	1.22192 286.5   144.2   0.11166
end try 9

