begin try 0
100     54192.3 1238.58739	0.0228554	1.24245 313.0   152.1   0.11784
200     53837.4 1368.29851	0.0254154	1.20682 267.0   129.7   0.10050
300     53725.0 992.49956	0.0184737	1.22037 284.5   134.4   0.10407
400     53440.8 1283.00852	0.0240081	1.19985 258.0   125.2   0.09701
500     53708.6 1297.14989	0.0241516	1.18242 235.5   121.0   0.09373
600     53555.4 1405.37365	0.0262415	1.17506 226.0   116.7   0.09042
700     53437.8 1180.00795	0.0220819	1.19520 252.0   122.3   0.09476
800     53350.8 1231.22600	0.0230779	1.21418 276.5   124.9   0.09676
900     53659.2 1201.28771	0.0223874	1.22192 286.5   140.1   0.10853
1000    53193.1 1261.25673	0.0237109	1.19016 245.5   121.9   0.09439
1100    53425.1 882.47405	0.0165180	1.20604 266.0   129.4   0.10026
1200    53613.3 1016.20518	0.0189543	1.18706 241.5   125.8   0.09744
1300    53667.9 1090.69610	0.0203231	1.19791 255.5   129.8   0.10057
1400    53713.6 1285.79535	0.0239380	1.18861 243.5   128.3   0.09937
1500    53547.8 777.57364	0.0145211	1.20565 265.5   130.8   0.10136
1600    53553.2 991.29871	0.0185106	1.18474 238.5   120.4   0.09327
1700    53000.0 1234.34456	0.0232895	1.17196 222.0   109.7   0.08495
1800    52885.8 996.13383	0.0188356	1.17816 230.0   107.4   0.08321
1900    53359.3 1127.63727	0.0211329	1.18280 236.0   124.8   0.09671
2000    53393.1 1080.45956	0.0202359	1.20101 259.5   124.7   0.09659
2100    53585.6 1082.35437	0.0201986	1.18435 238.0   122.3   0.09476
2200    53591.7 1428.89875	0.0266627	1.21495 277.5   130.2   0.10087
2300    53282.2 1204.87607	0.0226131	1.16654 215.0   119.0   0.09220
2400    53573.2 1001.13731	0.0186873	1.19171 247.5   128.4   0.09949
2500    53636.2 2000.29858	0.0372938	1.17971 232.0   122.1   0.09459
2600    53285.5 952.38758	0.0178733	1.18861 243.5   122.7   0.09505
2700    53472.3 1206.83089	0.0225693	1.19752 255.0   129.3   0.10019
2800    53608.3 1254.94085	0.0234095	1.19985 258.0   125.6   0.09727
2900    53083.0 1005.99795	0.0189514	1.17661 228.0   115.2   0.08922
3000    53770.0 1754.96849	0.0326384	1.17932 231.5   119.9   0.09290
3100    53925.8 1328.98645	0.0246447	1.20023 258.5   131.6   0.10195
3200    53816.6 997.30261	0.0185315	1.20488 264.5   135.4   0.10485
3300    53002.6 910.35305	0.0171756	1.15259 197.0   104.4   0.08084
3400    53565.9 1691.64222	0.0315806	1.18087 233.5   115.6   0.08957
3500    53242.5 807.55841	0.0151676	1.17777 229.5   118.1   0.09149
3600    53608.8 1397.47548	0.0260680	1.20256 261.5   122.1   0.09459
3700    53344.0 1397.43102	0.0261966	1.19558 252.5   127.7   0.09890
3800    53453.2 1138.85563	0.0213057	1.20449 264.0   123.9   0.09598
3900    53401.4 1272.89755	0.0238364	1.17196 222.0   114.5   0.08872
4000    53615.0 985.59895	0.0183829	1.17157 221.5   110.3   0.08542
4100    53143.4 1330.35866	0.0250334	1.15182 196.0   104.5   0.08097
4200    53408.8 1134.15616	0.0212354	1.16189 209.0   113.8   0.08816
4300    53445.3 1167.14947	0.0218382	1.17816 230.0   112.7   0.08726
4400    53883.6 1465.22735	0.0271925	1.20565 265.5   130.2   0.10086
4500    53284.5 1078.80146	0.0202461	1.18900 244.0   123.5   0.09568
4600    52851.9 740.93979	0.0140192	1.17467 225.5   112.7   0.08733
4700    53240.3 1404.37680	0.0263781	1.18745 242.0   121.6   0.09422
4800    53129.8 1340.21939	0.0252254	1.16383 211.5   111.8   0.08659
4900    53534.6 1433.19989	0.0267715	1.17661 228.0   119.8   0.09276
5000    53199.9 760.55672	0.0142962	1.18319 236.5   117.1   0.09071
5100    53109.1 1062.08078	0.0199981	1.14640 189.0   99.6    0.07714
5200    53411.8 1220.85577	0.0228574	1.15531 200.5   109.3   0.08465
5300    53211.7 1235.51965	0.0232190	1.18397 237.5   116.1   0.08992
5400    53445.7 867.28530	0.0162274	1.18397 237.5   120.3   0.09316
5500    53372.3 1027.83392	0.0192578	1.17390 224.5   110.0   0.08521
5600    53626.0 1293.47694	0.0241203	1.20294 262.0   121.2   0.09386
5700    53657.8 1622.43283	0.0302367	1.17312 223.5   119.9   0.09284
5800    53429.2 1145.75659	0.0214444	1.19287 249.0   127.3   0.09864
5900    53390.8 1187.33722	0.0222386	1.20837 269.0   129.1   0.09998
6000    53515.0 1038.88791	0.0194130	1.18745 242.0   115.8   0.08974
6100    53741.4 1191.38879	0.0221689	1.19675 254.0   124.6   0.09654
6200    53117.9 942.78052	0.0177488	1.17312 223.5   110.6   0.08566
6300    53724.3 1266.88860	0.0235813	1.20527 265.0   128.8   0.09975
6400    53604.7 1254.27205	0.0233985	1.17312 223.5   115.5   0.08949
6500    53236.7 1244.68198	0.0233802	1.17273 223.0   112.2   0.08688
6600    53761.1 1437.72757	0.0267429	1.19055 246.0   121.8   0.09436
6700    53471.0 929.31348	0.0173798	1.18939 244.5   124.5   0.09642
6800    53346.0 1304.90100	0.0244611	1.17816 230.0   116.1   0.08996
6900    53208.4 1280.86972	0.0240727	1.16615 214.5   107.8   0.08347
7000    53739.4 1382.09874	0.0257185	1.19558 252.5   135.8   0.10517
7100    53153.6 974.99697	0.0183430	1.17080 220.5   109.2   0.08456
7200    53907.4 1000.20307	0.0185541	1.20178 260.5   129.9   0.10062
7300    54292.2 1694.68843	0.0312142	1.20720 267.5   133.4   0.10335
7400    53424.4 1239.70645	0.0232049	1.19597 253.0   124.2   0.09622
7500    53388.4 1217.44520	0.0228036	1.20643 266.5   127.1   0.09846
7600    53425.0 1148.63852	0.0215000	1.19636 253.5   126.9   0.09831
7700    53360.8 1261.37603	0.0236386	1.18784 242.5   119.6   0.09267
7800    53480.6 917.18523	0.0171499	1.20953 270.5   128.1   0.09920
7900    53719.8 926.78944	0.0172523	1.21340 275.5   129.1   0.09999
8000    53420.9 1115.20937	0.0208759	1.19055 246.0   126.1   0.09769
8100    52751.6 1058.05989	0.0200574	1.18435 238.0   108.9   0.08438
8200    53791.5 1262.99298	0.0234794	1.21805 281.5   138.8   0.10751
8300    53419.7 1155.66592	0.0216337	1.17932 231.5   120.3   0.09317
8400    53770.2 1559.02508	0.0289942	1.19404 250.5   117.4   0.09090
8500    53718.9 1366.06927	0.0254299	1.19326 249.5   126.3   0.09782
8600    53642.6 1390.08668	0.0259138	1.18319 236.5   118.6   0.09190
8700    53438.6 1428.59409	0.0267334	1.18823 243.0   115.7   0.08961
8800    53254.3 1289.84278	0.0242204	1.18164 234.5   117.5   0.09102
end try 0

begin try 1
100     54030.0 1110.35878	0.0205508	1.24322 314.0   143.0   0.11076
200     54294.8 1363.39855	0.0251111	1.27227 351.5   157.1   0.12167
300     53960.6 1302.99753	0.0241472	1.24864 321.0   144.6   0.11203
400     54063.4 1548.68175	0.0286457	1.24632 318.0   144.9   0.11222
500     53514.8 822.27366	0.0153653	1.23238 300.0   130.7   0.10123
600     53863.3 1224.51628	0.0227338	1.24942 322.0   145.0   0.11233
700     54150.0 1210.63544	0.0223571	1.24981 322.5   148.5   0.11501
800     53793.1 1192.78404	0.0221735	1.25755 332.5   151.0   0.11699
900     53519.8 1261.10795	0.0235634	1.24167 312.0   141.9   0.10994
1000    54070.0 1216.37314	0.0224963	1.24864 321.0   149.9   0.11608
1100    53316.4 937.53484	0.0175844	1.19675 254.0   116.8   0.09045
1200    53361.2 1096.39979	0.0205468	1.20759 268.0   125.2   0.09697
1300    53307.3 1720.79187	0.0322806	1.21650 279.5   128.7   0.09972
1400    53345.2 1266.49513	0.0237415	1.22347 288.5   135.6   0.10507
1500    53859.8 1125.86789	0.0209037	1.23974 309.5   142.4   0.11027
1600    53169.7 1052.08426	0.0197873	1.19791 255.5   124.8   0.09664
1700    53566.8 1378.37436	0.0257319	1.21998 284.0   129.9   0.10059
1800    53770.9 1288.08823	0.0239551	1.23393 302.0   142.9   0.11072
1900    54084.1 1133.33725	0.0209551	1.22115 285.5   147.8   0.11446
2000    53253.7 1168.59737	0.0219440	1.20798 268.5   127.7   0.09895
2100    53229.7 1089.25757	0.0204634	1.21456 277.0   125.5   0.09723
2200    53691.3 1344.04835	0.0250329	1.21108 272.5   131.3   0.10170
2300    53827.8 953.93502	0.0177220	1.24051 310.5   148.4   0.11493
2400    53243.8 1106.33422	0.0207786	1.21766 281.0   133.2   0.10314
2500    53847.2 1254.91818	0.0233052	1.23470 303.0   135.4   0.10487
2600    53738.8 1387.47841	0.0258189	1.22541 291.0   134.7   0.10430
2700    53564.8 1538.71657	0.0287263	1.22386 289.0   132.3   0.10245
2800    53251.0 863.21917	0.0162104	1.21727 280.5   129.4   0.10025
2900    53928.6 1245.91345	0.0231030	1.23703 306.0   143.1   0.11085
3000    53119.4 1264.96600	0.0238137	1.19946 257.5   112.8   0.08737
3100    53776.9 1032.14045	0.0191930	1.22463 290.0   130.8   0.10131
3200    53806.0 1420.24075	0.0263956	1.21844 282.0   133.3   0.10326
3300    53329.5 1090.16226	0.0204420	1.20682 267.0   127.7   0.09894
3400    54232.6 1317.84824	0.0242999	1.20643 266.5   130.6   0.10118
3500    54247.3 1558.07051	0.0287216	1.22851 295.0   137.9   0.10685
3600    53590.2 1720.92106	0.0321126	1.21921 283.0   133.6   0.10348
3700    54232.7 1685.47843	0.0310786	1.24284 313.5   147.6   0.11434
3800    54109.8 1524.30272	0.0281706	1.20449 264.0   128.5   0.09956
3900    53805.0 1108.25046	0.0205975	1.19287 249.0   125.3   0.09702
4000    53781.3 1297.02492	0.0241166	1.22115 285.5   133.2   0.10314
4100    53718.0 1143.06968	0.0212791	1.22308 288.0   132.6   0.10272
4200    53814.4 1286.35544	0.0239036	1.21030 271.5   127.5   0.09875
4300    53687.6 1099.29985	0.0204759	1.23896 308.5   139.2   0.10783
4400    53773.2 1358.09456	0.0252560	1.22424 289.5   133.2   0.10321
4500    53885.3 1240.57535	0.0230225	1.23238 300.0   137.1   0.10617
4600    54566.6 1275.52901	0.0233757	1.24632 318.0   146.0   0.11308
4700    53773.3 1083.77375	0.0201545	1.23586 304.5   135.6   0.10507
4800    53793.2 1261.40735	0.0234492	1.21418 276.5   130.0   0.10069
4900    53612.4 1062.12790	0.0198112	1.23199 299.5   142.3   0.11025
5000    53044.3 1104.24927	0.0208175	1.19442 251.0   118.6   0.09187
5100    53851.0 1760.91005	0.0326996	1.19597 253.0   123.7   0.09585
5200    53189.3 1220.27973	0.0229422	1.17157 221.5   107.2   0.08302
5300    53055.2 1202.94710	0.0226735	1.16692 215.5   101.9   0.07890
5400    53103.0 1491.31519	0.0280834	1.18823 243.0   109.9   0.08515
5500    53990.3 1417.13939	0.0262480	1.19675 254.0   126.8   0.09818
5600    54030.3 1431.88150	0.0265015	1.21069 272.0   129.4   0.10024
5700    54112.7 1633.95072	0.0301953	1.18242 235.5   126.7   0.09813
5800    53688.1 934.83269	0.0174123	1.19210 248.0   126.5   0.09797
5900    53296.1 1622.75031	0.0304478	1.16615 214.5   105.5   0.08172
6000    54141.8 1700.57056	0.0314095	1.21418 276.5   135.1   0.10466
6100    53517.6 971.65558	0.0181558	1.18319 236.5   116.2   0.08998
6200    53694.1 1255.99560	0.0233917	1.20953 270.5   128.7   0.09973
6300    53887.5 1505.61389	0.0279400	1.19675 254.0   125.0   0.09679
6400    53778.8 1028.69726	0.0191283	1.21456 277.0   135.8   0.10519
6500    53907.1 994.70804	0.0184523	1.21727 280.5   132.4   0.10257
6600    53993.3 1515.08447	0.0280606	1.19752 255.0   127.7   0.09894
6700    54394.4 1307.06660	0.0240294	1.18048 233.0   125.0   0.09680
6800    53260.8 1315.73482	0.0247036	1.16615 214.5   115.8   0.08972
6900    53744.8 1113.43235	0.0207170	1.18397 237.5   118.4   0.09169
7000    53298.8 1265.51890	0.0237439	1.15414 199.0   100.7   0.07802
7100    53475.3 1262.63800	0.0236116	1.17428 225.0   119.4   0.09247
7200    53579.6 1252.09062	0.0233688	1.16964 219.0   111.9   0.08665
7300    53684.2 1148.80013	0.0213992	1.20682 267.0   124.8   0.09664
7400    53236.5 1230.23768	0.0231089	1.17971 232.0   109.7   0.08500
7500    53560.6 1345.64427	0.0251238	1.16615 214.5   109.3   0.08470
7600    53810.0 1141.27330	0.0212093	1.17002 219.5   119.0   0.09214
7700    53769.2 1246.24717	0.0231777	1.19558 252.5   129.1   0.09998
7800    54021.0 1357.16288	0.0251229	1.17777 229.5   122.7   0.09501
7900    53634.5 1450.42934	0.0270429	1.18629 240.5   121.8   0.09437
8000    53888.2 1271.01002	0.0235861	1.17002 219.5   111.0   0.08595
8100    53812.9 1247.45664	0.0231814	1.18164 234.5   113.0   0.08757
8200    53488.6 1231.22128	0.0230184	1.18784 242.5   118.1   0.09149
8300    53912.7 1431.68397	0.0265556	1.19752 255.0   128.5   0.09951
8400    53619.1 1819.07418	0.0339258	1.17390 224.5   113.4   0.08784
8500    54040.9 1091.62592	0.0202000	1.17816 230.0   121.1   0.09380
8600    54201.8 1212.80491	0.0223757	1.20178 260.5   131.4   0.10180
8700    53850.2 1538.14105	0.0285634	1.18745 242.0   118.5   0.09179
end try 1

begin try 2
100     53784.8 1111.68872	0.0206692	1.24981 322.5   141.7   0.10978
200     54216.0 1362.99156	0.0251400	1.22115 285.5   137.0   0.10614
300     53556.5 1504.01059	0.0280827	1.22657 292.5   132.2   0.10241
400     53744.8 1585.22610	0.0294955	1.22115 285.5   134.3   0.10401
500     54106.5 1400.11247	0.0258770	1.22076 285.0   135.9   0.10530
600     53693.5 1312.86503	0.0244511	1.22270 287.5   131.3   0.10171
700     53663.3 1050.74413	0.0195803	1.20875 269.5   133.2   0.10318
800     53557.8 1090.51829	0.0203615	1.20991 271.0   120.4   0.09323
900     54124.6 1464.90321	0.0270654	1.20411 263.5   132.0   0.10223
1000    53724.3 1478.82556	0.0275262	1.20953 270.5   129.9   0.10065
1100    53546.2 1282.93677	0.0239594	1.21611 279.0   129.3   0.10012
1200    53854.1 1551.16228	0.0288031	1.19713 254.5   121.1   0.09379
1300    53613.9 1300.86511	0.0242636	1.22231 287.0   129.4   0.10025
1400    54479.3 1617.55334	0.0296911	1.24593 317.5   149.8   0.11605
1500    54275.6 1415.65161	0.0260826	1.23160 299.0   141.5   0.10961
1600    53793.3 1471.72749	0.0273589	1.21805 281.5   128.3   0.09942
1700    53726.6 1404.52414	0.0261420	1.21960 283.5   131.7   0.10201
1800    54164.2 1223.67554	0.0225920	1.22734 293.5   135.9   0.10526
1900    54230.4 1346.34328	0.0248264	1.22386 289.0   145.3   0.11251
2000    53348.7 1022.48038	0.0191660	1.21766 281.0   131.5   0.10186
2100    54104.4 1663.16283	0.0307399	1.20411 263.5   122.4   0.09483
2200    53504.8 1338.14082	0.0250098	1.22386 289.0   134.7   0.10435
2300    53530.0 1279.45737	0.0239017	1.20101 259.5   127.3   0.09862
2400    53737.4 1257.90159	0.0234083	1.20914 270.0   129.1   0.09998
2500    53575.0 1077.23247	0.0201070	1.21727 280.5   134.7   0.10434
2600    53659.6 1245.48264	0.0232108	1.22115 285.5   132.2   0.10240
2700    53515.5 1253.34712	0.0234203	1.21650 279.5   127.7   0.09888
2800    53380.0 1074.96750	0.0201380	1.19713 254.5   121.5   0.09414
2900    54016.0 1359.07982	0.0251607	1.21224 274.0   133.5   0.10344
3000    53916.7 1328.49024	0.0246397	1.20798 268.5   131.9   0.10214
3100    54588.5 1675.38707	0.0306912	1.23122 298.5   134.3   0.10405
3200    54287.2 1799.25194	0.0331432	1.24555 317.0   145.5   0.11270
3300    53835.4 1162.90377	0.0216011	1.24787 320.0   153.9   0.11920
3400    53773.0 1328.16870	0.0246995	1.21611 279.0   128.1   0.09919
3500    53582.0 1399.98818	0.0261280	1.24206 312.5   139.9   0.10833
3600    54090.8 1192.19107	0.0220405	1.23277 300.5   143.4   0.11108
3700    54114.8 1411.00693	0.0260743	1.23044 297.5   144.3   0.11177
3800    53657.3 977.32656	0.0182142	1.23703 306.0   140.7   0.10896
3900    54662.5 1814.91559	0.0332022	1.23857 308.0   145.1   0.11238
4000    54195.1 1751.51347	0.0323187	1.21534 278.0   135.4   0.10489
4100    54025.3 1426.15543	0.0263979	1.20875 269.5   131.4   0.10179
4200    54275.7 1206.99905	0.0222383	1.20798 268.5   138.9   0.10757
4300    54206.7 1353.10112	0.0249619	1.23005 297.0   141.6   0.10965
4400    54175.1 1543.67130	0.0284941	1.23509 303.5   140.0   0.10841
4500    54049.8 1381.77775	0.0255649	1.21727 280.5   137.4   0.10640
4600    53646.1 1050.75791	0.0195868	1.20914 270.0   133.7   0.10353
4700    54127.0 1966.67684	0.0363345	1.21882 282.5   137.5   0.10653
4800    53900.0 1405.44250	0.0260750	1.23277 300.5   136.8   0.10593
4900    54025.9 1110.04746	0.0205466	1.21146 273.0   136.0   0.10533
5000    53777.9 817.83466	0.0152076	1.21998 284.0   133.8   0.10365
5100    53541.0 1333.99032	0.0249153	1.23393 302.0   135.8   0.10523
5200    53721.9 1324.49864	0.0246547	1.20062 259.0   130.4   0.10100
5300    54226.5 1310.12818	0.0241603	1.22386 289.0   144.1   0.11161
5400    54054.6 1213.06354	0.0224414	1.21030 271.5   133.4   0.10336
5500    54166.7 1402.47200	0.0258918	1.21379 276.0   132.1   0.10235
5600    53988.8 1255.68994	0.0232583	1.21689 280.0   138.7   0.10747
5700    53800.1 1406.29262	0.0261392	1.20914 270.0   135.4   0.10485
5800    53990.8 1584.61957	0.0293498	1.21379 276.0   130.5   0.10109
5900    53953.7 1098.93894	0.0203682	1.22618 292.0   142.5   0.11038
6000    54488.0 1444.09425	0.0265030	1.20875 269.5   133.8   0.10360
6100    54650.4 1814.06222	0.0331940	1.24477 316.0   144.2   0.11168
6200    54287.4 1357.29477	0.0250020	1.21263 274.5   138.6   0.10735
6300    54169.0 1710.93495	0.0315851	1.21689 280.0   135.3   0.10477
6400    54210.1 1111.29247	0.0204997	1.22153 286.0   133.1   0.10306
6500    54234.8 1717.60991	0.0316699	1.21263 274.5   137.4   0.10645
6600    53774.5 1522.69320	0.0283163	1.21301 275.0   130.8   0.10132
6700    54105.9 1267.72417	0.0234304	1.22076 285.0   136.7   0.10590
6800    54031.7 1585.19478	0.0293382	1.20798 268.5   130.1   0.10076
6900    54450.1 1630.31065	0.0299414	1.23122 298.5   147.0   0.11387
7000    54142.2 1291.13802	0.0238472	1.23548 304.0   146.0   0.11311
7100    54149.4 1437.40846	0.0265453	1.22773 294.0   142.1   0.11006
7200    54460.9 1647.99890	0.0302602	1.20875 269.5   133.2   0.10317
7300    54089.5 1407.34064	0.0260187	1.22463 290.0   136.8   0.10594
7400    54233.7 1110.37128	0.0204738	1.21418 276.5   137.1   0.10622
7500    54068.0 1297.59089	0.0239992	1.24167 312.0   145.6   0.11276
7600    54290.6 1395.10944	0.0256971	1.21572 278.5   134.6   0.10427
7700    54019.4 1059.47660	0.0196129	1.21572 278.5   137.0   0.10611
7800    54184.7 1858.58088	0.0343009	1.21611 279.0   128.9   0.09985
7900    53712.7 1288.73671	0.0239932	1.22153 286.0   136.9   0.10606
8000    53705.0 1013.55003	0.0188725	1.20023 258.5   133.7   0.10358
8100    53830.3 1425.30563	0.0264778	1.23586 304.5   138.0   0.10692
8200    53829.4 1519.31283	0.0282246	1.21766 281.0   133.8   0.10363
8300    53535.1 1310.76490	0.0244842	1.22696 293.0   137.7   0.10663
8400    54268.9 1571.74598	0.0289622	1.20411 263.5   132.3   0.10246
8500    54435.6 1120.16822	0.0205779	1.21263 274.5   135.1   0.10462
8600    53796.4 1184.31414	0.0220148	1.22386 289.0   140.9   0.10912
end try 2

begin try 3
100     54293.6 1425.24039	0.0262506	1.22463 290.0   136.4   0.10568
200     53813.7 1395.42943	0.0259307	1.23160 299.0   143.2   0.11089
300     53935.0 1145.69069	0.0212421	1.23780 307.0   135.9   0.10524
400     53857.5 1140.55111	0.0211772	1.23625 305.0   142.3   0.11023
500     54214.4 1254.09573	0.0231321	1.22231 287.0   137.4   0.10643
600     53987.9 1466.74962	0.0271681	1.22657 292.5   134.3   0.10405
700     53718.3 1636.10660	0.0304571	1.21572 278.5   131.5   0.10183
800     54112.8 1148.69266	0.0212277	1.24632 318.0   144.4   0.11188
900     53587.0 1043.56017	0.0194741	1.22502 290.5   138.5   0.10726
1000    54233.0 1683.74639	0.0310465	1.23586 304.5   146.8   0.11375
1100    53618.9 1260.05307	0.0235002	1.22386 289.0   134.5   0.10422
1200    53876.6 1028.71011	0.0190938	1.23044 297.5   139.6   0.10813
1300    54172.8 1272.76725	0.0234946	1.22115 285.5   133.5   0.10343
1400    54187.2 1462.01421	0.0269808	1.22967 296.5   146.4   0.11343
1500    53948.0 1407.02923	0.0260812	1.22618 292.0   136.7   0.10586
1600    54071.2 1390.05366	0.0257078	1.21185 273.5   134.5   0.10418
1700    54316.0 1369.75711	0.0252183	1.23896 308.5   148.3   0.11490
1800    54126.2 1281.01521	0.0236672	1.22192 286.5   145.3   0.11254
1900    53801.3 1307.30090	0.0242987	1.22308 288.0   134.4   0.10411
2000    53649.9 1319.61737	0.0245968	1.24516 316.5   142.1   0.11005
2100    53974.7 1280.30158	0.0237204	1.22308 288.0   137.9   0.10681
2200    54739.0 1521.43427	0.0277943	1.23780 307.0   147.8   0.11449
2300    53851.5 1109.97193	0.0206117	1.19636 253.5   125.9   0.09754
2400    53478.9 1201.54225	0.0224676	1.22773 294.0   131.5   0.10185
2500    54493.6 1439.59268	0.0264176	1.23315 301.0   141.3   0.10943
2600    54043.1 1086.41601	0.0201028	1.23238 300.0   143.3   0.11101
2700    53840.4 1263.35466	0.0234648	1.20837 269.0   134.8   0.10441
2800    53701.2 1247.24485	0.0232257	1.24167 312.0   144.1   0.11158
2900    53800.5 1282.92602	0.0238460	1.19946 257.5   129.4   0.10023
3000    54360.6 1534.03862	0.0282197	1.22231 287.0   142.5   0.11035
3100    54048.9 1301.95153	0.0240884	1.24284 313.5   148.9   0.11533
3200    54069.3 1329.74294	0.0245933	1.22037 284.5   139.3   0.10792
3300    53863.6 1241.24326	0.0230442	1.21998 284.0   139.5   0.10805
3400    54109.6 1403.23228	0.0259332	1.20333 262.5   128.1   0.09921
3500    54340.7 1384.50904	0.0254783	1.22502 290.5   141.2   0.10938
3600    53759.6 1521.25135	0.0282973	1.20759 268.0   130.8   0.10128
3700    54105.0 1292.03127	0.0238801	1.22192 286.5   142.0   0.10996
3800    54153.8 1426.15223	0.0263352	1.22153 286.0   140.1   0.10853
3900    53533.2 1466.72548	0.0273984	1.20488 264.5   133.6   0.10349
4000    53567.6 1042.58145	0.0194629	1.22231 287.0   138.0   0.10689
4100    54063.8 1411.84323	0.0261144	1.21960 283.5   133.4   0.10333
4200    53753.3 1257.23326	0.0233890	1.21689 280.0   135.0   0.10459
4300    54216.2 1259.57806	0.0232325	1.23005 297.0   141.0   0.10924
4400    54190.5 1095.76279	0.0202206	1.20875 269.5   134.3   0.10401
4500    53676.6 1082.86675	0.0201739	1.20449 264.0   130.4   0.10105
4600    53808.0 841.29043	0.0156350	1.20682 267.0   130.1   0.10078
4700    54686.2 1290.93241	0.0236062	1.21069 272.0   134.1   0.10384
4800    54118.3 1471.63633	0.0271929	1.20953 270.5   138.0   0.10686
4900    54156.9 1454.11035	0.0268499	1.22231 287.0   141.1   0.10933
5000    53868.6 1519.87129	0.0282144	1.21185 273.5   128.1   0.09924
5100    53657.2 1264.33697	0.0235632	1.21689 280.0   137.8   0.10672
5200    54392.4 1420.04190	0.0261074	1.21844 282.0   136.0   0.10531
5300    53320.0 1172.49703	0.0219898	1.20991 271.0   125.3   0.09704
5400    54240.8 1511.42664	0.0278651	1.22115 285.5   142.6   0.11047
5500    54016.2 1537.02810	0.0284550	1.24400 315.0   148.1   0.11473
5600    53874.3 1654.21972	0.0307052	1.21689 280.0   135.0   0.10459
5700    53412.3 1218.89474	0.0228205	1.21418 276.5   128.2   0.09928
5800    54043.0 1532.92834	0.0283650	1.20333 262.5   133.9   0.10372
5900    53844.2 1147.68154	0.0213149	1.21146 273.0   133.8   0.10366
6000    54200.4 1270.15990	0.0234345	1.23393 302.0   148.0   0.11464
6100    54131.9 1249.35623	0.0230798	1.23160 299.0   138.9   0.10756
6200    54366.4 1343.79509	0.0247174	1.23160 299.0   147.5   0.11428
6300    54090.2 1268.46921	0.0234510	1.23548 304.0   144.6   0.11198
6400    54170.8 1339.60081	0.0247292	1.22851 295.0   140.7   0.10895
6500    53678.1 999.48138	0.0186199	1.21998 284.0   137.1   0.10621
6600    53947.9 897.70751	0.0166403	1.23393 302.0   144.2   0.11171
6700    53751.6 1377.20266	0.0256216	1.22231 287.0   137.0   0.10610
6800    53425.1 1340.46136	0.0250905	1.22657 292.5   130.7   0.10123
6900    53469.0 1168.46999	0.0218532	1.22076 285.0   129.3   0.10015
7000    53761.6 1143.37374	0.0212675	1.22851 295.0   134.7   0.10434
7100    54101.3 1265.19391	0.0233857	1.22231 287.0   142.3   0.11019
7200    54289.6 1082.52632	0.0199398	1.23431 302.5   144.2   0.11171
7300    53738.2 1057.27446	0.0196745	1.22115 285.5   140.7   0.10895
7400    53697.8 1084.55700	0.0201974	1.24090 311.0   146.3   0.11335
7500    53891.8 1052.95949	0.0195384	1.21998 284.0   131.7   0.10201
7600    53734.0 1225.92358	0.0228147	1.21844 282.0   129.7   0.10043
7700    53827.8 1005.39803	0.0186781	1.21611 279.0   135.5   0.10497
7800    54171.7 1090.45772	0.0201296	1.22153 286.0   140.5   0.10882
7900    53690.7 1116.64407	0.0207977	1.22153 286.0   136.1   0.10541
8000    54051.1 1230.44270	0.0227644	1.22928 296.0   140.8   0.10907
8100    54004.8 1548.61089	0.0286755	1.21844 282.0   140.2   0.10862
8200    54120.5 1285.22732	0.0237475	1.22889 295.5   137.3   0.10637
8300    54058.6 1178.08623	0.0217927	1.23199 299.5   138.2   0.10703
8400    53564.4 1027.05298	0.0191742	1.21340 275.5   127.0   0.09839
8500    53926.7 1001.37417	0.0185692	1.21340 275.5   131.6   0.10191
end try 3

begin try 4
100     54298.5 1441.51425	0.0265480	1.20991 271.0   138.4   0.10724
200     53864.4 1032.57990	0.0191700	1.24555 317.0   144.7   0.11210
300     53687.1 1076.97881	0.0200603	1.22928 296.0   137.4   0.10644
400     53495.6 1134.41603	0.0212058	1.21882 282.5   129.4   0.10020
500     53813.0 1039.91055	0.0193245	1.22076 285.0   136.5   0.10572
600     53838.1 1179.14245	0.0219016	1.21611 279.0   136.9   0.10602
700     53850.7 1139.25987	0.0211559	1.21998 284.0   131.5   0.10187
800     53737.4 1186.28797	0.0220757	1.20991 271.0   129.8   0.10051
900     53867.1 1236.83955	0.0229610	1.21263 274.5   132.1   0.10233
1000    53857.6 1303.32169	0.0241994	1.19907 257.0   127.4   0.09868
1100    53908.8 1370.88943	0.0254298	1.20449 264.0   127.0   0.09839
1200    53235.2 1127.39328	0.0211776	1.19907 257.0   122.2   0.09469
1300    53507.7 1448.22004	0.0270656	1.21108 272.5   127.3   0.09858
1400    53368.8 1254.59818	0.0235081	1.18280 236.0   122.1   0.09454
1500    53851.1 975.81974	0.0181207	1.20991 271.0   129.7   0.10046
1600    53697.0 1163.77971	0.0216731	1.21418 276.5   127.1   0.09842
1700    54035.7 1333.26397	0.0246738	1.21185 273.5   137.1   0.10621
1800    53338.2 924.20831	0.0173273	1.22657 292.5   140.3   0.10871
1900    53902.2 1272.65026	0.0236103	1.21456 277.0   136.1   0.10542
2000    53737.4 1131.98104	0.0210651	1.21611 279.0   138.5   0.10727
2100    53501.1 1162.30708	0.0217249	1.19752 255.0   130.2   0.10088
2200    54039.1 1538.28357	0.0284661	1.20488 264.5   130.1   0.10076
2300    53310.4 1109.20459	0.0208065	1.21185 273.5   131.6   0.10190
2400    53715.7 1267.97770	0.0236053	1.18203 235.0   118.2   0.09154
2500    53807.6 1013.42411	0.0188342	1.20759 268.0   132.1   0.10235
2600    53663.8 1154.36742	0.0215111	1.19636 253.5   126.8   0.09825
2700    53851.0 1182.79906	0.0219643	1.21379 276.0   138.2   0.10707
2800    53792.2 1297.86914	0.0241275	1.21495 277.5   132.7   0.10281
2900    53635.5 819.23120	0.0152741	1.20333 262.5   132.4   0.10254
3000    53703.4 1294.68732	0.0241081	1.19442 251.0   127.8   0.09902
3100    53954.8 970.69341	0.0179909	1.20449 264.0   137.6   0.10655
3200    53607.0 1025.46445	0.0191293	1.19713 254.5   115.8   0.08971
3300    53851.2 1358.44469	0.0252259	1.19713 254.5   119.7   0.09271
3400    53914.4 1289.19597	0.0239119	1.22076 285.0   137.5   0.10650
3500    53550.7 1137.02787	0.0212327	1.21572 278.5   130.7   0.10123
3600    53285.5 1323.06916	0.0248298	1.19791 255.5   121.8   0.09434
3700    53559.0 1061.34088	0.0198163	1.21689 280.0   132.6   0.10270
3800    53942.6 1337.01633	0.0247859	1.20643 266.5   130.2   0.10083
3900    53417.5 1199.87580	0.0224622	1.19675 254.0   123.0   0.09527
4000    53659.6 1311.01685	0.0244321	1.21650 279.5   132.1   0.10230
4100    53896.0 1234.10154	0.0228978	1.21030 271.5   133.0   0.10301
4200    53834.0 1310.41595	0.0243418	1.22270 287.5   130.8   0.10135
4300    53733.5 1292.99430	0.0240631	1.21108 272.5   132.0   0.10223
4400    53331.5 1380.46445	0.0258846	1.17467 225.5   112.4   0.08703
4500    53721.1 1104.40230	0.0205581	1.21263 274.5   138.8   0.10750
4600    53479.5 1291.69643	0.0241531	1.19791 255.5   127.3   0.09861
4700    54028.8 1747.84923	0.0323503	1.23315 301.0   146.1   0.11319
4800    53535.1 1147.88214	0.0214417	1.19713 254.5   128.0   0.09912
4900    53863.0 1148.10062	0.0213152	1.20488 264.5   133.0   0.10305
5000    53491.7 1333.09229	0.0249215	1.18203 235.0   118.4   0.09172
5100    53554.5 994.50763	0.0185700	1.21263 274.5   127.1   0.09842
5200    53666.2 1395.25192	0.0259987	1.19016 245.5   128.3   0.09938
5300    53577.9 1514.60404	0.0282692	1.19985 258.0   124.0   0.09602
5400    53723.9 1306.37316	0.0243164	1.20062 259.0   130.9   0.10137
5500    53695.1 1364.51903	0.0254123	1.20914 270.0   126.7   0.09813
5600    53576.8 1209.15759	0.0225687	1.23354 301.5   134.7   0.10430
5700    53223.6 1120.65119	0.0210555	1.19055 246.0   119.5   0.09253
5800    53761.6 1335.84324	0.0248476	1.20217 261.0   125.1   0.09693
5900    53140.3 1149.11697	0.0216242	1.17506 226.0   116.0   0.08985
6000    53106.2 1025.56061	0.0193115	1.18164 234.5   113.2   0.08767
6100    53709.3 1547.13225	0.0288057	1.19365 250.0   116.3   0.09009
6200    54114.9 1070.75158	0.0197866	1.24284 313.5   141.2   0.10939
6300    54261.0 1174.10324	0.0216381	1.20798 268.5   138.7   0.10744
6400    54173.8 1218.98822	0.0225015	1.21689 280.0   138.9   0.10756
6500    54179.4 1278.66141	0.0236005	1.21263 274.5   132.3   0.10252
6600    53687.3 1248.03163	0.0232463	1.22308 288.0   135.3   0.10484
6700    53691.6 1055.17909	0.0196526	1.22347 288.5   134.8   0.10442
6800    53991.1 1653.99429	0.0306346	1.19404 250.5   129.4   0.10026
6900    53579.3 975.06340	0.0181985	1.20953 270.5   130.7   0.10125
7000    53705.5 1426.57156	0.0265629	1.20953 270.5   135.7   0.10509
7100    53780.8 1186.31175	0.0220583	1.21263 274.5   135.7   0.10511
7200    54169.2 1529.87779	0.0282426	1.19752 255.0   123.7   0.09580
7300    53799.9 1059.71523	0.0196974	1.21069 272.0   131.6   0.10194
7400    53444.4 1054.58278	0.0197323	1.19404 250.5   123.3   0.09547
7500    53904.1 1339.39159	0.0248477	1.18706 241.5   121.5   0.09409
7600    53871.9 1003.45328	0.0186266	1.22773 294.0   138.2   0.10702
7800    53141.2 875.09855	0.0164674	1.21301 275.0   132.4   0.10254
7900    53771.6 1445.29657	0.0268785	1.19481 251.5   121.9   0.09441
8000    53705.2 1579.51792	0.0294109	1.19520 252.0   123.0   0.09524
8100    54087.5 1005.57807	0.0185917	1.22270 287.5   133.6   0.10349
8200    53240.4 1057.74938	0.0198674	1.20720 267.5   126.5   0.09800
8300    53750.6 1513.86732	0.0281647	1.20991 271.0   129.5   0.10034
8400    53919.9 1128.58703	0.0209308	1.23780 307.0   141.9   0.10995
8500    53656.1 1185.02324	0.0220855	1.20178 260.5   132.2   0.10241
8600    53528.0 1322.63492	0.0247092	1.22347 288.5   130.8   0.10133
end try 4

begin try 5
100     53919.2 1341.64766	0.0248825	1.20101 259.5   136.2   0.10547
200     53021.8 1135.02279	0.0214067	1.16731 216.0   104.1   0.08066
300     53346.5 1172.76714	0.0219839	1.16538 213.5   110.0   0.08524
400     53410.9 1221.63268	0.0228723	1.16112 208.0   109.2   0.08457
500     53688.0 1504.32085	0.0280197	1.18629 240.5   123.6   0.09573
600     53982.1 1419.71623	0.0262998	1.21108 272.5   129.2   0.10010
700     54512.6 1431.47229	0.0262595	1.18397 237.5   123.5   0.09569
800     54134.6 1280.16627	0.0236479	1.22463 290.0   135.6   0.10501
900     53632.0 1447.24688	0.0269847	1.20565 265.5   130.3   0.10095
1000    53820.8 1155.61899	0.0214716	1.18552 239.5   121.2   0.09385
1100    53685.1 1363.07821	0.0253902	1.21301 275.0   130.0   0.10072
1200    53874.3 1529.16856	0.0283840	1.17583 227.0   121.2   0.09390
1300    53800.7 1204.99432	0.0223974	1.17545 226.5   118.0   0.09137
1400    53674.4 1402.33398	0.0261267	1.16576 214.0   115.0   0.08905
1500    53632.2 1013.54165	0.0188980	1.16112 208.0   119.2   0.09231
1600    53718.5 1208.47321	0.0224964	1.18513 239.0   121.1   0.09382
1700    53515.1 1247.84791	0.0233177	1.17351 224.0   111.9   0.08664
1800    53527.1 1149.85359	0.0214817	1.19094 246.5   120.6   0.09339
1900    53540.0 1413.41842	0.0263993	1.18358 237.0   115.9   0.08981
2000    53450.9 1129.68433	0.0211350	1.16925 218.5   120.8   0.09358
2100    53836.0 1207.66150	0.0224322	1.20256 261.5   137.0   0.10614
2200    53684.1 1266.22643	0.0235866	1.17312 223.5   113.4   0.08782
2300    53732.8 1511.89808	0.0281373	1.18784 242.5   126.6   0.09808
2400    53579.8 1154.62231	0.0215496	1.19326 249.5   119.9   0.09286
2500    53938.7 1415.01070	0.0262337	1.19985 258.0   131.4   0.10178
2600    53560.6 1553.03168	0.0289958	1.19713 254.5   124.8   0.09666
2700    53860.8 1511.49047	0.0280629	1.18706 241.5   117.3   0.09088
2800    53991.2 1067.43207	0.0197705	1.18358 237.0   120.3   0.09317
2900    53298.6 1186.62607	0.0222638	1.17738 229.0   118.9   0.09213
3000    53062.4 1331.65502	0.0250960	1.17196 222.0   112.3   0.08696
3100    53541.8 1008.45992	0.0188350	1.21650 279.5   135.7   0.10511
3200    53359.4 1309.06806	0.0245330	1.17699 228.5   115.4   0.08940
3300    53661.9 1339.06158	0.0249537	1.20643 266.5   129.7   0.10050
3400    53748.7 1445.01040	0.0268846	1.19713 254.5   123.4   0.09560
3500    53646.8 1144.36210	0.0213314	1.21263 274.5   128.1   0.09919
3600    54303.6 1779.60157	0.0327714	1.20991 271.0   133.0   0.10299
3700    53925.2 1393.48912	0.0258411	1.22851 295.0   134.9   0.10448
3800    53274.7 1348.05074	0.0253038	1.17157 221.5   107.5   0.08326
3900    54047.5 1219.40966	0.0225618	1.21689 280.0   132.6   0.10269
4000    54166.4 1454.35839	0.0268498	1.19830 256.0   136.0   0.10537
4100    53368.6 1248.62618	0.0233963	1.20991 271.0   127.8   0.09897
4200    53922.8 1427.14345	0.0264664	1.18978 245.0   123.7   0.09581
4300    53619.1 1301.47359	0.0242726	1.19365 250.0   117.0   0.09061
4400    53775.9 1174.15268	0.0218342	1.19365 250.0   125.9   0.09749
4500    54046.8 1369.41025	0.0253375	1.17932 231.5   125.3   0.09705
4600    53926.2 1406.42003	0.0260805	1.17971 232.0   116.1   0.08995
4700    53477.5 1434.91458	0.0268321	1.18397 237.5   122.3   0.09472
4800    53390.0 1451.65869	0.0271897	1.17273 223.0   117.0   0.09066
4900    53807.0 1348.25654	0.0250573	1.17699 228.5   118.3   0.09161
5000    53535.1 1239.34035	0.0231501	1.16112 208.0   114.2   0.08847
5100    53607.3 1339.83434	0.0249935	1.19791 255.5   129.2   0.10009
5200    53489.7 944.40015	0.0176557	1.16886 218.0   120.8   0.09359
5300    53892.4 1397.62838	0.0259337	1.17235 222.5   110.9   0.08590
5400    53708.0 1289.18842	0.0240037	1.20294 262.0   122.9   0.09517
5500    53778.2 1327.21059	0.0246793	1.18939 244.5   124.0   0.09605
5600    53716.8 1315.28589	0.0244855	1.20682 267.0   135.7   0.10508
5700    53753.8 1026.55067	0.0190973	1.18784 242.5   126.1   0.09767
5800    53617.6 945.64136	0.0176368	1.18784 242.5   125.9   0.09754
5900    53914.4 1234.56362	0.0228986	1.18009 232.5   123.5   0.09568
6000    53577.3 1120.83606	0.0209200	1.20139 260.0   124.4   0.09634
6100    54195.5 1350.97653	0.0249278	1.19016 245.5   126.7   0.09814
6200    53868.7 1487.68931	0.0276170	1.21844 282.0   140.7   0.10901
6300    53571.3 1361.71518	0.0254187	1.18087 233.5   113.7   0.08806
6400    53592.3 1085.99489	0.0202640	1.17622 227.5   120.8   0.09353
6500    53508.8 1462.69608	0.0273356	1.19481 251.5   120.1   0.09303
6600    53962.0 1401.52111	0.0259724	1.17583 227.0   123.0   0.09525
6700    53631.8 1356.01301	0.0252838	1.18629 240.5   120.1   0.09302
6800    53590.6 1361.06429	0.0253975	1.19094 246.5   121.9   0.09441
6900    53621.4 1226.87458	0.0228803	1.21146 273.0   127.2   0.09853
7000    53764.9 1046.29654	0.0194606	1.19520 252.0   129.5   0.10028
7100    53802.4 1133.75688	0.0210726	1.18745 242.0   125.8   0.09748
7200    53947.2 1551.57580	0.0287610	1.19752 255.0   121.6   0.09418
7300    53597.8 1197.11431	0.0223351	1.18474 238.5   115.8   0.08970
7400    53483.7 1073.32244	0.0200682	1.19752 255.0   123.0   0.09531
7500    53800.6 1371.80368	0.0254979	1.20953 270.5   131.8   0.10207
7600    53782.8 1753.55146	0.0326043	1.20643 266.5   127.6   0.09883
7700    53841.1 1444.98262	0.0268379	1.21727 280.5   134.2   0.10398
7800    53898.4 1761.96848	0.0326905	1.20372 263.0   119.8   0.09276
7900    54003.6 1301.42284	0.0240988	1.19830 256.0   121.2   0.09391
8000    53713.4 1402.96798	0.0261195	1.21146 273.0   126.2   0.09777
8100    53586.0 1205.64760	0.0224993	1.18242 235.5   121.5   0.09411
8200    53032.0 1005.36936	0.0189578	1.15337 198.0   103.2   0.07990
8300    54014.6 1185.98682	0.0219568	1.18358 237.0   128.3   0.09938
8400    52948.8 905.41458	0.0170998	1.16460 212.5   109.9   0.08509
8500    53961.8 1464.44596	0.0271385	1.18474 238.5   121.9   0.09439
end try 5

egin try 6
100     54155.6 1639.33462	0.0302708	1.24864 321.0   146.5   0.11345
200     54029.1 1477.38161	0.0273442	1.20565 265.5   136.9   0.10603
300     53705.2 1350.07871	0.0251387	1.19210 248.0   123.2   0.09544
400     53590.9 1219.63867	0.0227583	1.20101 259.5   129.1   0.09997
500     53773.6 1332.90303	0.0247873	1.21108 272.5   131.6   0.10194
600     53460.5 1366.38111	0.0255587	1.20643 266.5   128.4   0.09949
700     53291.1 1290.76518	0.0242210	1.17893 231.0   112.0   0.08678
800     53657.8 1108.85725	0.0206653	1.18435 238.0   120.6   0.09344
900     54255.0 957.80591	0.0176538	1.22347 288.5   143.4   0.11106
1000    53655.7 1177.63717	0.0219480	1.21727 280.5   139.7   0.10821
1100    53802.2 1358.58949	0.0252516	1.19752 255.0   125.4   0.09716
1200    53627.6 1254.41683	0.0233913	1.20875 269.5   125.3   0.09707
1300    54168.2 1524.53259	0.0281444	1.19094 246.5   118.5   0.09181
1400    53812.7 1332.74033	0.0247663	1.21650 279.5   140.5   0.10885
1500    53879.2 1112.14019	0.0206414	1.19326 249.5   126.2   0.09775
1600    53921.1 1103.25205	0.0204605	1.21921 283.0   135.0   0.10454
1700    53414.0 1530.06732	0.0286454	1.19597 253.0   124.2   0.09620
1800    53603.1 1278.35848	0.0238486	1.20720 267.5   118.3   0.09165
1900    53635.9 1048.12123	0.0195414	1.20837 269.0   124.6   0.09649
2000    54210.5 1215.57761	0.0224233	1.21611 279.0   139.1   0.10775
2100    53326.1 1014.61191	0.0190266	1.22115 285.5   134.0   0.10380
2200    53619.9 1132.41357	0.0211193	1.19985 258.0   125.2   0.09696
2300    53616.1 1162.40247	0.0216801	1.19132 247.0   120.4   0.09330
2400    53658.4 1201.33155	0.0223885	1.20256 261.5   126.5   0.09801
2500    53813.2 1604.72615	0.0298203	1.19558 252.5   121.8   0.09437
2600    54157.4 1323.06153	0.0244299	1.22115 285.5   134.8   0.10438
2700    53492.6 971.05059	0.0181530	1.18164 234.5   117.8   0.09124
2800    54212.5 1405.42672	0.0259244	1.21534 278.0   130.0   0.10070
2900    53639.8 1347.23977	0.0251164	1.17390 224.5   119.3   0.09240
3000    53986.1 1191.33290	0.0220674	1.20604 266.0   127.3   0.09859
3100    53123.6 1369.36272	0.0257769	1.15879 205.0   106.1   0.08219
3200    53681.2 1100.21257	0.0204953	1.20759 268.0   134.2   0.10395
3300    53758.3 1410.32599	0.0262346	1.18203 235.0   119.2   0.09233
3400    53132.8 1030.27143	0.0193905	1.15802 204.0   107.0   0.08288
3500    53914.4 1193.90780	0.0221445	1.19985 258.0   129.4   0.10025
3600    53674.3 1377.83368	0.0256703	1.19094 246.5   120.1   0.09302
3700    53560.2 1275.20676	0.0238088	1.17545 226.5   111.1   0.08604
3800    53106.5 1153.13526	0.0217136	1.15802 204.0   106.2   0.08226
3900    53377.8 1556.51989	0.0291604	1.17002 219.5   115.9   0.08977
4000    53048.2 1359.04492	0.0256191	1.15879 205.0   107.0   0.08289
4100    53559.7 1361.77102	0.0254253	1.19249 248.5   127.0   0.09834
4200    53649.0 1325.67997	0.0247102	1.19326 249.5   124.5   0.09641
4300    53659.2 1022.50266	0.0190555	1.16809 217.0   118.9   0.09212
4400    53290.6 1184.70742	0.0222311	1.15918 205.5   111.3   0.08620
4500    54053.8 1373.93716	0.0254180	1.21727 280.5   132.9   0.10292
4600    53860.2 1433.67743	0.0266185	1.20565 265.5   133.8   0.10368
4700    53359.6 870.51599	0.0163141	1.17854 230.5   114.6   0.08873
4800    53059.3 876.75917	0.0165241	1.16692 215.5   103.2   0.07993
4900    53621.8 1460.95734	0.0272456	1.16847 217.5   116.4   0.09019
5000    53454.3 953.23343	0.0178327	1.19365 250.0   126.7   0.09815
5100    53753.3 1335.93090	0.0248530	1.18590 240.0   118.2   0.09158
5200    54221.9 916.35911	0.0169002	1.20217 261.0   128.5   0.09955
5300    53177.4 1003.87072	0.0188778	1.16499 213.0   110.7   0.08574
5400    53220.9 1158.08077	0.0217599	1.20294 262.0   118.9   0.09207
5500    53714.8 1367.00269	0.0254493	1.20062 259.0   126.4   0.09792
5600    53650.5 1442.76188	0.0268919	1.17041 220.0   114.9   0.08901
5700    53639.3 1520.36984	0.0283443	1.18513 239.0   120.0   0.09295
5800    53085.3 1063.86918	0.0200408	1.15802 204.0   109.4   0.08475
5900    53463.1 1179.33007	0.0220588	1.18939 244.5   118.1   0.09147
6000    53782.5 1268.61431	0.0235879	1.17390 224.5   115.4   0.08942
6100    53569.0 1312.06998	0.0244931	1.18009 232.5   125.2   0.09696
6200    53837.8 1384.40149	0.0257143	1.17738 229.0   118.5   0.09175
6300    53687.8 1243.82671	0.0231678	1.19442 251.0   124.9   0.09673
6400    53891.7 1069.99430	0.0198545	1.17699 228.5   123.5   0.09562
6500    53046.8 1270.84048	0.0239570	1.17777 229.5   112.1   0.08683
6600    53680.6 1304.51799	0.0243015	1.14369 185.5   108.4   0.08399
6700    52962.6 842.36320	0.0159049	1.16964 219.0   105.1   0.08143
6800    53611.9 1178.38738	0.0219800	1.19481 251.5   121.0   0.09370
6900    53161.5 1045.62318	0.0196688	1.18513 239.0   122.2   0.09466
7000    53278.5 1404.90753	0.0263691	1.16228 209.5   113.1   0.08759
7100    53394.9 912.06510	0.0170815	1.19249 248.5   123.0   0.09527
7200    53617.5 1273.54110	0.0237523	1.18784 242.5   123.0   0.09526
7300    53628.0 1178.35818	0.0219728	1.17738 229.0   121.4   0.09403
7400    53846.7 1230.34611	0.0228490	1.22231 287.0   137.2   0.10627
7500    54560.2 2018.51431	0.0369961	1.17893 231.0   124.9   0.09674
7600    54291.8 1617.38220	0.0297905	1.22076 285.0   132.7   0.10282
7700    54459.8 1139.33956	0.0209207	1.24090 311.0   150.1   0.11626
7800    53815.3 1143.11930	0.0212415	1.21224 274.0   133.6   0.10351
7900    54162.2 1716.39700	0.0316899	1.20062 259.0   133.6   0.10349
8000    53759.6 1197.19387	0.0222694	1.19946 257.5   130.5   0.10106
8100    53395.4 1368.33828	0.0256265	1.17235 222.5   115.0   0.08905
8200    53325.2 1202.55985	0.0225514	1.17390 224.5   114.6   0.08875
8300    53663.0 1396.90382	0.0260311	1.19597 253.0   120.9   0.09361
8400    53632.0 1393.34300	0.0259797	1.19946 257.5   125.2   0.09697
end try 6

begin try 7
100     53930.8 1296.40465	0.0240383	1.23083 298.0   140.7   0.10896
200     53877.2 1463.48045	0.0271632	1.20953 270.5   120.0   0.09294
300     53756.6 955.16539	0.0177684	1.20411 263.5   135.4   0.10489
400     53669.4 1431.94311	0.0266808	1.17661 228.0   120.9   0.09364
500     53785.5 1219.26645	0.0226690	1.18125 234.0   123.6   0.09574
600     53941.7 1636.40237	0.0303365	1.22734 293.5   130.8   0.10130
700     53634.2 1249.32166	0.0232934	1.22115 285.5   139.4   0.10798
800     53541.8 1203.67810	0.0224811	1.18552 239.5   123.8   0.09590
900     53489.4 1360.51393	0.0254352	1.21301 275.0   128.0   0.09915
1000    53645.5 981.92711	0.0183040	1.20333 262.5   127.9   0.09906
1100    54070.0 1181.11019	0.0218441	1.22386 289.0   137.2   0.10627
1200    53661.3 1121.58417	0.0209012	1.21340 275.5   131.9   0.10218
1300    54230.0 1377.82965	0.0254072	1.23741 306.5   146.6   0.11352
1400    53829.2 1314.18551	0.0244140	1.22386 289.0   136.2   0.10547
1500    54467.1 1341.60111	0.0246314	1.21805 281.5   135.5   0.10495
1600    54238.1 1534.63085	0.0282943	1.22076 285.0   136.9   0.10603
1700    54154.7 1013.47260	0.0187144	1.22386 289.0   139.9   0.10837
1800    54732.4 1118.32174	0.0204325	1.22967 296.5   147.1   0.11395
1900    53741.0 1187.90451	0.0221043	1.20372 263.0   131.3   0.10171
2000    53994.9 1546.53737	0.0286423	1.22270 287.5   134.9   0.10447
2100    54010.2 1052.53507	0.0194877	1.22734 293.5   137.1   0.10620
2200    53995.8 1104.51955	0.0204557	1.21844 282.0   134.9   0.10448
2300    53469.0 1076.23323	0.0201282	1.20991 271.0   131.5   0.10184
2400    54350.0 1526.77495	0.0280915	1.23586 304.5   142.6   0.11047
2500    54004.4 1353.12989	0.0250559	1.21766 281.0   135.0   0.10460
2600    54499.8 1307.23504	0.0239861	1.24129 311.5   148.0   0.11460
2700    54543.1 1335.03200	0.0244766	1.23470 303.0   150.9   0.11686
2800    53957.6 1007.22209	0.0186669	1.23044 297.5   143.7   0.11131
2900    54328.4 1018.17930	0.0187412	1.21146 273.0   133.0   0.10300
3000    54885.7 1367.58987	0.0249171	1.22541 291.0   136.8   0.10596
3100    53964.6 1280.38617	0.0237264	1.21805 281.5   139.4   0.10802
3200    54180.9 1428.77491	0.0263704	1.23277 300.5   137.4   0.10646
3300    54089.5 1160.37692	0.0214529	1.21766 281.0   138.1   0.10695
3400    54462.0 1341.21006	0.0246265	1.22115 285.5   138.5   0.10725
3500    53899.4 1222.54890	0.0226821	1.23005 297.0   131.1   0.10159
3600    53795.9 1445.71909	0.0268742	1.21921 283.0   129.9   0.10062
3700    53398.0 1209.32352	0.0226474	1.21030 271.5   131.5   0.10188
3800    54523.7 1263.08130	0.0231657	1.21263 274.5   134.9   0.10447
3900    53761.4 1453.95799	0.0270447	1.21340 275.5   129.4   0.10026
4000    54113.8 1250.06937	0.0231008	1.22308 288.0   137.6   0.10656
4100    53899.0 875.28357	0.0162393	1.21185 273.5   138.4   0.10723
4200    54270.6 1592.66111	0.0293467	1.19946 257.5   135.5   0.10493
4300    53778.8 1524.17794	0.0283416	1.21379 276.0   135.7   0.10510
4400    54495.6 1204.14856	0.0220963	1.23819 307.5   145.4   0.11260
4500    54568.7 1839.19937	0.0337043	1.19287 249.0   126.9   0.09828
4600    53961.4 1282.88957	0.0237742	1.19520 252.0   121.0   0.09371
4700    54047.4 1413.83954	0.0261593	1.20875 269.5   131.4   0.10178
4800    54007.6 1221.30647	0.0226136	1.19365 250.0   130.0   0.10067
4900    54440.6 1546.17962	0.0284012	1.18784 242.5   121.6   0.09422
5000    54156.5 1422.85482	0.0262730	1.22618 292.0   140.2   0.10858
5100    53840.1 1420.52858	0.0263842	1.21689 280.0   135.2   0.10474
5200    53821.7 1487.92528	0.0276454	1.19636 253.5   120.4   0.09329
5300    54186.5 1138.09406	0.0210033	1.23238 300.0   143.0   0.11074
5400    53815.9 1065.45711	0.0197982	1.21805 281.5   136.6   0.10577
5500    54372.9 1517.54846	0.0279100	1.21146 273.0   136.6   0.10579
5600    54392.2 1750.43146	0.0321817	1.21495 277.5   135.5   0.10495
5700    54537.6 972.62887	0.0178341	1.23548 304.0   145.6   0.11280
5800    54253.1 1444.46704	0.0266246	1.20256 261.5   130.1   0.10076
5900    53909.7 1556.85505	0.0288790	1.18861 243.5   127.5   0.09875
6000    54581.5 1647.01463	0.0301753	1.19597 253.0   124.2   0.09623
6100    54345.2 1366.27910	0.0251408	1.20449 264.0   134.4   0.10411
6200    53520.6 1334.43237	0.0249331	1.19442 251.0   124.7   0.09659
6300    54252.6 1538.73365	0.0283624	1.20643 266.5   135.0   0.10459
6400    53856.0 985.58677	0.0183004	1.19055 246.0   125.7   0.09736
6500    53483.2 1569.23676	0.0293407	1.20449 264.0   130.1   0.10075
6600    53526.1 1521.76025	0.0284303	1.20139 260.0   128.7   0.09970
6700    53821.9 930.50113	0.0172885	1.19868 256.5   128.4   0.09943
6800    53486.6 1193.13128	0.0223071	1.17467 225.5   110.7   0.08578
6900    54100.4 1588.47773	0.0293617	1.19791 255.5   126.9   0.09829
7000    53854.4 1088.31540	0.0202085	1.22076 285.0   145.1   0.11239
7100    54134.3 1578.32412	0.0291557	1.21456 277.0   135.2   0.10469
7200    53519.7 1306.14451	0.0244049	1.19481 251.5   123.3   0.09548
7300    53376.2 1149.52183	0.0215362	1.17777 229.5   122.1   0.09458
7400    53676.5 1486.95598	0.0277022	1.20217 261.0   126.0   0.09757
7500    53636.6 1054.12147	0.0196530	1.18629 240.5   126.8   0.09821
7600    53768.2 1516.53935	0.0282051	1.20023 258.5   130.7   0.10121
7700    53431.0 1124.47075	0.0210453	1.19442 251.0   121.1   0.09382
7800    53424.2 1252.36156	0.0234419	1.18939 244.5   119.9   0.09285
7900    53874.5 1305.01594	0.0242233	1.17893 231.0   120.7   0.09348
8000    53414.9 1376.12717	0.0257630	1.16421 212.0   109.5   0.08483
8100    54227.0 1415.31824	0.0260999	1.22463 290.0   137.0   0.10613
8200    53075.6 909.73173	0.0171403	1.17002 219.5   111.6   0.08647
8300    54078.3 941.24065	0.0174052	1.15724 203.0   115.1   0.08919
8400    53752.3 1236.08180	0.0229959	1.22270 287.5   135.6   0.10501
end try 7

begin try 8
100     53799.0 1442.15988	0.0268064	1.21572 278.5   134.5   0.10416
200     54049.6 1223.63403	0.0226391	1.22696 293.0   143.6   0.11121
300     54005.8 1610.53187	0.0298214	1.22812 294.5   136.1   0.10539
400     53984.1 1283.51652	0.0237758	1.22153 286.0   135.1   0.10465
500     54078.5 1140.99522	0.0210989	1.23238 300.0   145.7   0.11284
600     53674.2 1147.35126	0.0213762	1.21224 274.0   129.2   0.10005
700     54160.1 1436.35328	0.0265205	1.21960 283.5   145.0   0.11230
800     54084.7 1583.89737	0.0292855	1.22967 296.5   141.3   0.10947
900     53851.6 1341.41237	0.0249094	1.21069 272.0   122.6   0.09499
1000    53751.4 1045.37082	0.0194483	1.19791 255.5   128.7   0.09967
1100    53730.0 1311.83253	0.0244153	1.19752 255.0   124.5   0.09646
1200    53825.0 1431.02813	0.0265867	1.22889 295.5   133.1   0.10308
1300    53711.1 1080.76944	0.0201219	1.21146 273.0   132.6   0.10268
1400    53657.2 1256.55712	0.0234183	1.19404 250.5   124.5   0.09646
1500    53826.6 1083.59683	0.0201313	1.19791 255.5   127.4   0.09865
1600    53791.9 1351.15535	0.0251182	1.18823 243.0   128.6   0.09960
1700    53300.2 1092.39707	0.0204952	1.17428 225.0   116.7   0.09041
1800    53056.1 959.42185	0.0180832	1.18009 232.5   107.7   0.08342
1900    53434.4 1433.61161	0.0268294	1.19946 257.5   126.8   0.09825
2000    54358.9 1492.27037	0.0274522	1.21534 278.0   137.4   0.10643
2100    53750.8 1362.94962	0.0253568	1.17622 227.5   123.1   0.09539
2200    53974.2 1358.71885	0.0251735	1.21146 273.0   134.7   0.10432
2300    53084.6 1020.82891	0.0192302	1.16886 218.0   105.6   0.08178
2400    53650.9 1221.94738	0.0227759	1.18706 241.5   120.3   0.09319
2500    53453.3 1068.58920	0.0199911	1.22231 287.0   138.0   0.10691
2600    54421.7 1357.47012	0.0249435	1.20875 269.5   133.9   0.10371
2700    54153.7 1237.73683	0.0228560	1.19210 248.0   128.8   0.09976
2800    53647.8 1280.66808	0.0238718	1.20488 264.5   129.9   0.10059
2900    53294.4 1064.52329	0.0199744	1.19287 249.0   131.9   0.10217
3000    53789.4 1559.35909	0.0289901	1.20333 262.5   129.3   0.10017
3100    53796.9 1797.58563	0.0334143	1.18203 235.0   112.6   0.08723
3200    53804.9 1408.45067	0.0261770	1.18668 241.0   125.4   0.09710
3300    54012.8 1315.92467	0.0243632	1.19558 252.5   130.3   0.10093
3400    53798.1 1156.33784	0.0214940	1.21340 275.5   129.4   0.10022
3500    53202.7 1130.57266	0.0212503	1.17854 230.5   119.0   0.09218
3600    53858.4 1165.51409	0.0216403	1.21805 281.5   128.2   0.09927
3700    53625.3 982.34670	0.0183187	1.16925 218.5   110.6   0.08569
3800    53687.7 1048.22400	0.0195245	1.19094 246.5   123.7   0.09582
3900    53700.4 1256.92187	0.0234062	1.19597 253.0   120.8   0.09358
4000    53971.0 1443.96585	0.0267545	1.17545 226.5   118.1   0.09150
4100    53651.4 1256.62836	0.0234221	1.17583 227.0   123.3   0.09547
4200    53389.0 1431.57341	0.0268140	1.19016 245.5   120.4   0.09327
4300    53692.6 1445.62948	0.0269242	1.20217 261.0   126.3   0.09779
4400    53591.8 1108.61278	0.0206862	1.18358 237.0   125.8   0.09742
4500    53659.7 1315.89908	0.0245231	1.18939 244.5   123.6   0.09573
4600    53035.6 976.68098	0.0184156	1.18706 241.5   115.2   0.08925
4700    53711.4 1327.83831	0.0247217	1.20217 261.0   123.9   0.09599
4800    54275.7 1725.32801	0.0317882	1.18823 243.0   122.0   0.09449
4900    53508.0 1767.53754	0.0330331	1.19365 250.0   110.7   0.08577
5000    53842.5 1385.17481	0.0257264	1.18823 243.0   122.1   0.09458
5100    54085.5 1553.23357	0.0287181	1.20256 261.5   126.7   0.09815
5200    53654.4 1296.23364	0.0241590	1.20682 267.0   126.7   0.09814
5300    53877.6 1553.24858	0.0288292	1.19713 254.5   122.8   0.09513
5400    53642.3 1222.43100	0.0227886	1.18784 242.5   126.2   0.09774
5500    54097.5 1441.13610	0.0266396	1.21108 272.5   131.9   0.10219
5600    54368.9 1859.97881	0.0342103	1.20023 258.5   127.3   0.09864
5700    54009.8 1452.77175	0.0268983	1.20101 259.5   125.1   0.09688
5800    53841.0 1384.06807	0.0257066	1.20565 265.5   132.9   0.10291
5900    53625.4 932.25993	0.0173847	1.22308 288.0   141.2   0.10934
6000    53975.3 1443.06888	0.0267357	1.19868 256.5   123.0   0.09529
6100    53944.6 1675.32506	0.0310564	1.21030 271.5   130.8   0.10131
6200    54057.2 1445.91921	0.0267479	1.21301 275.0   128.3   0.09938
6300    53764.3 1188.20568	0.0221003	1.21998 284.0   135.8   0.10521
6400    52973.0 1132.15835	0.0213724	1.19171 247.5   119.3   0.09245
6500    53995.2 1682.74892	0.0311648	1.19830 256.0   126.6   0.09804
6600    53760.4 1070.95530	0.0199209	1.21844 282.0   137.3   0.10638
6700    54539.2 1437.85663	0.0263637	1.22037 284.5   133.1   0.10313
6800    54040.8 1567.41238	0.0290042	1.19558 252.5   122.4   0.09480
6900    53793.1 1128.81438	0.0209844	1.20023 258.5   130.4   0.10101
7000    53684.5 1001.11984	0.0186482	1.20604 266.0   128.4   0.09948
7100    53602.4 1257.44970	0.0234588	1.19985 258.0   121.5   0.09409
7200    53702.0 1878.95544	0.0349886	1.21844 282.0   127.9   0.09904
7300    53927.9 1235.24526	0.0229055	1.20217 261.0   126.7   0.09815
7400    53531.9 1285.68201	0.0240171	1.18706 241.5   119.3   0.09239
7500    53906.8 1261.49000	0.0234013	1.20488 264.5   133.5   0.10339
7600    53603.5 1295.90995	0.0241758	1.19752 255.0   128.4   0.09948
7700    54299.4 1783.24844	0.0328410	1.22115 285.5   139.3   0.10791
7800    53987.5 1268.90944	0.0235038	1.21069 272.0   128.5   0.09952
7900    53471.6 1000.11091	0.0187036	1.22037 284.5   130.6   0.10118
8000    53757.4 1553.58716	0.0289000	1.21340 275.5   130.7   0.10123
8100    53688.8 744.97826	0.0138759	1.18087 233.5   116.0   0.08988
8200    53487.3 1039.25637	0.0194300	1.21921 283.0   131.2   0.10162
8300    53698.1 1575.86112	0.0293467	1.21689 280.0   133.6   0.10348
8400    53644.3 1503.59105	0.0280289	1.20178 260.5   128.4   0.09946
8500    53849.1 1794.73633	0.0333290	1.22386 289.0   133.0   0.10306
end try 8

begin try 9
100     53517.2 1139.77977	0.0212974	1.23509 303.5   136.6   0.10581
200     53399.9 1356.00321	0.0253934	1.22076 285.0   127.2   0.09849
300     53412.3 1274.59296	0.0238633	1.20139 260.0   121.7   0.09429
400     53502.5 1027.25509	0.0192001	1.22502 290.5   135.3   0.10483
500     54507.8 1462.06622	0.0268230	1.25445 328.5   151.6   0.11745
600     54014.5 1308.52452	0.0242254	1.23315 301.0   133.4   0.10337
700     53602.6 1176.30566	0.0219449	1.25097 324.0   146.6   0.11352
800     54188.5 1427.92776	0.0263511	1.25949 335.0   151.1   0.11706
900     53909.1 1306.00848	0.0242261	1.23122 298.5   139.7   0.10821
1000    54186.8 1193.67666	0.0220289	1.23199 299.5   134.4   0.10412
1100    54142.5 1276.41755	0.0235752	1.25019 323.0   151.9   0.11767
1200    54356.1 900.01927	0.0165578	1.25600 330.5   149.1   0.11548
1300    53599.6 1222.79035	0.0228134	1.21534 278.0   136.6   0.10584
1400    53580.8 1376.02431	0.0256813	1.20256 261.5   122.6   0.09499
1500    53512.3 1254.63130	0.0234457	1.20023 258.5   123.9   0.09597
1600    53270.7 1057.07791	0.0198435	1.21146 273.0   130.5   0.10106
1700    53697.4 1006.52215	0.0187443	1.21418 276.5   133.3   0.10322
1800    54119.3 1947.84057	0.0359916	1.21844 282.0   134.1   0.10390
1900    53917.2 1333.21163	0.0247270	1.19597 253.0   134.8   0.10445
2000    53982.4 1339.80086	0.0248192	1.22424 289.5   138.7   0.10745
2100    53895.0 1044.70730	0.0193841	1.21960 283.5   138.2   0.10707
2200    54442.3 1735.37822	0.0318755	1.21572 278.5   136.4   0.10564
2300    53802.1 1308.34424	0.0243177	1.22502 290.5   137.8   0.10676
2400    54215.0 1134.52538	0.0209264	1.20062 259.0   131.1   0.10158
2500    53434.0 965.60639	0.0180710	1.20256 261.5   128.8   0.09973
2600    53938.2 1402.82693	0.0260081	1.22928 296.0   140.2   0.10864
2700    53640.8 1148.59674	0.0214127	1.20604 266.0   128.4   0.09949
2800    54255.0 1554.91606	0.0286594	1.21921 283.0   134.9   0.10449
2900    54235.9 1360.11412	0.0250777	1.22618 292.0   136.5   0.10575
3000    53792.6 1067.32508	0.0198415	1.21882 282.5   132.4   0.10253
3100    53493.8 1349.74753	0.0252318	1.21495 277.5   134.1   0.10390
3200    53696.4 994.52601	0.0185213	1.22967 296.5   137.1   0.10620
3300    53787.0 1262.26395	0.0234678	1.21844 282.0   131.7   0.10198
3400    54277.9 1547.09207	0.0285032	1.21069 272.0   127.7   0.09895
3500    54028.6 1238.49869	0.0229230	1.20217 261.0   130.2   0.10087
3600    53724.9 1699.26144	0.0316289	1.21998 284.0   137.0   0.10613
3700    54235.9 1392.96985	0.0256835	1.24206 312.5   147.5   0.11426
3800    53650.5 1189.53342	0.0221719	1.21882 282.5   134.3   0.10401
3900    53875.2 809.23201	0.0150205	1.21301 275.0   131.9   0.10218
4000    53748.5 991.21756	0.0184418	1.22579 291.5   142.3   0.11020
4100    53875.4 1328.27632	0.0246546	1.22347 288.5   135.1   0.10465
4200    53919.9 1246.19321	0.0231119	1.21456 277.0   134.8   0.10445
4300    53816.4 1011.50165	0.0187954	1.19132 247.0   126.6   0.09803
4400    54092.1 1737.44574	0.0321201	1.21998 284.0   130.1   0.10074
4500    53443.7 1109.28016	0.0207561	1.18203 235.0   113.6   0.08796
4600    53285.0 1194.56927	0.0224185	1.20488 264.5   128.3   0.09935
4700    53741.8 1213.07590	0.0225723	1.21146 273.0   137.2   0.10630
4800    54155.9 1468.98906	0.0271252	1.20101 259.5   131.3   0.10172
4900    53389.4 1048.51879	0.0196391	1.20139 260.0   130.4   0.10103
5000    54361.4 1459.03087	0.0268394	1.23470 303.0   142.8   0.11059
5100    54042.8 1867.46089	0.0345552	1.19442 251.0   124.3   0.09628
5200    53901.4 1043.97892	0.0193683	1.23277 300.5   140.6   0.10892
5300    54361.1 1630.44173	0.0299928	1.22308 288.0   139.9   0.10839
5400    53762.3 1169.02500	0.0217443	1.24167 312.0   148.2   0.11482
5500    53273.4 879.37980	0.0165069	1.21456 277.0   134.1   0.10386
5600    53406.7 1548.92543	0.0290025	1.17854 230.5   109.5   0.08480
5700    53821.5 1181.06951	0.0219442	1.19249 248.5   122.0   0.09454
5800    53617.6 1212.30947	0.0226103	1.17738 229.0   110.2   0.08536
5900    54302.1 1325.15791	0.0244034	1.21689 280.0   131.6   0.10192
6000    54652.7 1020.52921	0.0186730	1.21611 279.0   135.1   0.10467
6100    54411.2 1510.28249	0.0277568	1.21960 283.5   137.0   0.10613
6200    54120.3 1289.85082	0.0238330	1.20759 268.0   130.2   0.10084
6300    54372.5 990.04786	0.0182086	1.21727 280.5   136.6   0.10579
6400    53537.6 1490.52069	0.0278406	1.21495 277.5   128.2   0.09927
6500    53581.7 1170.74829	0.0218498	1.21108 272.5   137.8   0.10677
6600    54165.6 1231.84932	0.0227423	1.21727 280.5   140.3   0.10871
6700    53745.6 1228.69185	0.0228613	1.21921 283.0   136.6   0.10581
6800    54079.3 1161.12900	0.0214709	1.23896 308.5   144.4   0.11188
6900    53646.0 1056.39962	0.0196920	1.18552 239.5   119.1   0.09225
7000    53624.7 1224.64933	0.0228374	1.23199 299.5   137.7   0.10668
7100    53310.7 1335.68564	0.0250547	1.18706 241.5   115.0   0.08907
7200    53875.6 1435.24954	0.0266400	1.20720 267.5   129.7   0.10045
7300    53444.4 1098.92550	0.0205620	1.18319 236.5   119.8   0.09276
7400    53913.3 1360.63755	0.0252375	1.19713 254.5   127.7   0.09895
7500    54102.1 1354.41923	0.0250345	1.20837 269.0   132.5   0.10263
7600    53279.7 831.91293	0.0156141	1.18978 245.0   123.5   0.09569
7700    53675.8 1483.95211	0.0276466	1.18706 241.5   117.0   0.09063
7800    53484.4 1341.21018	0.0250767	1.19287 249.0   123.4   0.09556
7900    54124.0 1175.11090	0.0217115	1.20217 261.0   131.5   0.10188
8000    53983.6 1405.99182	0.0260448	1.23122 298.5   142.4   0.11027
8100    54415.3 1435.92269	0.0263882	1.19868 256.5   129.3   0.10019
8200    53637.4 1533.38933	0.0285880	1.19094 246.5   122.4   0.09481
8300    53942.4 1094.27054	0.0202859	1.19326 249.5   124.4   0.09637
8400    54172.0 1204.23669	0.0222299	1.21534 278.0   140.0   0.10847
8500    54358.1 1608.01328	0.0295818	1.23005 297.0   142.2   0.11013
8600    53973.0 1431.61705	0.0265247	1.20759 268.0   126.3   0.09781
end try 9

