begin try 0
100     54598.2 1654.65187	0.0303060	1.24593 317.5   149.9   0.11612
200     53984.0 1299.10625	0.0240646	1.21108 272.5   137.9   0.10685
300     53448.7 1309.64816	0.0245029	1.23083 298.0   135.0   0.10458
400     53916.1 1118.85642	0.0207518	1.21224 274.0   139.8   0.10832
500     53569.4 1407.95318	0.0262828	1.21418 276.5   127.1   0.09841
600     53722.9 955.85809	0.0177924	1.20759 268.0   132.7   0.10277
700     54086.2 1723.78842	0.0318711	1.19597 253.0   125.6   0.09728
800     53333.8 1238.08091	0.0232138	1.21611 279.0   130.1   0.10081
900     54337.8 1831.53030	0.0337064	1.21030 271.5   134.9   0.10452
1000    53300.0 1118.76068	0.0209899	1.20643 266.5   121.2   0.09390
1100    53854.1 1534.85474	0.0285002	1.21456 277.0   133.7   0.10357
1200    53963.6 1126.74775	0.0208798	1.22618 292.0   137.8   0.10678
1300    54249.2 1483.54345	0.0273468	1.21379 276.0   132.6   0.10268
1400    53789.1 1355.56232	0.0252014	1.20914 270.0   133.3   0.10328
1500    53473.3 1454.83990	0.0272068	1.20720 267.5   126.5   0.09800
1600    53946.1 1175.31440	0.0217868	1.20953 270.5   133.0   0.10298
1700    54039.4 1651.46105	0.0305603	1.21456 277.0   136.7   0.10592
1800    53653.6 1284.78773	0.0239460	1.20991 271.0   130.9   0.10136
1900    53752.8 1044.60693	0.0194335	1.21146 273.0   129.6   0.10039
2000    53664.6 1260.05433	0.0234802	1.21456 277.0   132.6   0.10271
2100    53681.9 1339.12715	0.0249456	1.19597 253.0   131.1   0.10157
2200    53707.9 1607.11970	0.0299233	1.19597 253.0   118.0   0.09136
2300    53475.5 851.57971	0.0159247	1.19675 254.0   127.1   0.09843
2400    53579.9 1267.39593	0.0236543	1.21495 277.5   129.4   0.10022
2500    53760.5 1650.40791	0.0306993	1.22541 291.0   136.8   0.10594
2600    53282.4 1195.35305	0.0224343	1.21921 283.0   131.2   0.10167
2700    53697.7 1590.44081	0.0296184	1.20139 260.0   124.2   0.09623
2800    53931.1 1091.41209	0.0202371	1.23083 298.0   137.0   0.10613
2900    53883.5 1108.05679	0.0205639	1.20875 269.5   133.3   0.10328
3000    54281.7 1792.37774	0.0330199	1.23005 297.0   138.9   0.10759
3100    54162.2 1609.10419	0.0297090	1.21263 274.5   133.9   0.10369
3200    53811.4 1557.58563	0.0289453	1.21069 272.0   126.7   0.09812
3300    53609.0 910.54096	0.0169849	1.19946 257.5   129.9   0.10065
3400    53716.8 1054.00293	0.0196215	1.19752 255.0   125.1   0.09689
3500    53711.4 1396.80209	0.0260057	1.20023 258.5   127.9   0.09904
3600    53700.8 1047.97789	0.0195151	1.19481 251.5   125.8   0.09744
3700    53096.4 1222.20153	0.0230186	1.22618 292.0   127.8   0.09899
3800    53718.9 1178.09342	0.0219307	1.21534 278.0   135.7   0.10512
3900    53645.0 1383.23472	0.0257850	1.20449 264.0   127.1   0.09847
4000    53889.6 1303.11882	0.0241812	1.21844 282.0   138.9   0.10760
4100    53826.8 1160.83880	0.0215662	1.21146 273.0   128.7   0.09968
4200    53589.7 1140.14870	0.0212755	1.20294 262.0   125.5   0.09725
4300    53415.8 1199.99920	0.0224652	1.17661 228.0   121.5   0.09412
4400    54368.1 1391.84968	0.0256005	1.22153 286.0   139.9   0.10835
4500    53346.1 1477.54761	0.0276974	1.19016 245.5   122.0   0.09451
4600    54304.9 1616.19710	0.0297615	1.23277 300.5   142.0   0.11003
4700    53931.6 1385.68205	0.0256933	1.23819 307.5   139.8   0.10831
4800    53869.8 1368.38060	0.0254016	1.21882 282.5   138.8   0.10754
4900    54031.5 1061.03625	0.0196374	1.21689 280.0   135.7   0.10513
5000    54505.9 1575.92999	0.0289130	1.21844 282.0   142.8   0.11058
5100    53711.5 1549.57503	0.0288500	1.21960 283.5   130.0   0.10070
5200    54155.3 1637.94021	0.0302453	1.21456 277.0   136.3   0.10556
5300    53864.7 1451.26949	0.0269429	1.21418 276.5   134.3   0.10401
5400    54113.0 1246.65238	0.0230379	1.23315 301.0   153.5   0.11891
5500    53875.0 1327.81442	0.0246462	1.20914 270.0   127.2   0.09857
5600    53922.2 1705.87075	0.0316358	1.22153 286.0   141.3   0.10945
5700    53888.8 1222.78525	0.0226909	1.21805 281.5   139.4   0.10801
5800    54044.8 1240.26076	0.0229488	1.22347 288.5   137.2   0.10629
5900    53871.4 1338.04163	0.0248377	1.20837 269.0   130.2   0.10088
6000    53885.2 1190.84416	0.0220997	1.21146 273.0   134.7   0.10433
6100    54309.4 1730.50070	0.0318637	1.22541 291.0   139.9   0.10836
6200    54024.6 1178.47019	0.0218136	1.23974 309.5   145.3   0.11254
6300    53704.2 1334.91065	0.0248567	1.21572 278.5   133.8   0.10363
6400    54517.0 1205.67255	0.0221155	1.21030 271.5   137.3   0.10634
6500    54149.1 1122.63006	0.0207322	1.20798 268.5   139.6   0.10810
6600    53758.2 1118.97482	0.0208150	1.21030 271.5   137.7   0.10669
6700    53819.0 1146.09505	0.0212954	1.21379 276.0   134.2   0.10393
6800    54257.4 1794.25660	0.0330693	1.22618 292.0   136.7   0.10587
6900    53986.8 1220.04933	0.0225990	1.20991 271.0   134.2   0.10397
7000    54188.4 1512.43955	0.0279108	1.22115 285.5   137.8   0.10674
7100    53732.5 1408.64539	0.0262159	1.21727 280.5   136.0   0.10536
7200    54342.2 1096.51078	0.0201779	1.21882 282.5   140.1   0.10849
7300    54025.8 1397.95177	0.0258756	1.22657 292.5   137.7   0.10665
7400    54320.1 1115.67716	0.0205389	1.20875 269.5   138.4   0.10721
7500    53777.2 1286.70368	0.0239265	1.22231 287.0   130.4   0.10098
7600    54143.0 989.89214	0.0182829	1.21650 279.5   141.4   0.10952
7700    53475.3 1072.80856	0.0200618	1.22812 294.5   137.1   0.10623
7800    54454.5 1608.36004	0.0295359	1.21689 280.0   142.2   0.11016
7900    54134.2 1486.83768	0.0274658	1.23586 304.5   144.8   0.11214
8000    54039.8 1291.32785	0.0238959	1.22967 296.5   142.1   0.11008
8100    54100.0 1363.81328	0.0252091	1.22889 295.5   137.4   0.10643
8200    54219.7 1584.01280	0.0292147	1.21960 283.5   141.3   0.10947
end try 0

begin try 1
100     53615.9 1061.22967	0.0197932	1.22308 288.0   133.3   0.10327
200     53544.2 1161.86582	0.0216992	1.25058 323.5   146.1   0.11319
300     53379.8 993.94407	0.0186202	1.23509 303.5   140.1   0.10850
400     54107.0 1618.28177	0.0299089	1.22502 290.5   142.0   0.10996
500     53630.6 1250.89621	0.0233243	1.21960 283.5   132.0   0.10228
600     53531.2 1457.42002	0.0272256	1.23857 308.0   140.4   0.10874
700     53884.5 1505.49978	0.0279394	1.21921 283.0   132.8   0.10286
800     53281.6 1135.17682	0.0213052	1.21882 282.5   133.6   0.10350
900     53994.7 1360.39665	0.0251950	1.22734 293.5   142.2   0.11017
1000    54116.2 1186.40310	0.0219233	1.19985 258.0   133.7   0.10359
1100    53413.1 931.40290	0.0174377	1.20372 263.0   128.0   0.09914
1200    53377.2 960.01309	0.0179855	1.20023 258.5   128.0   0.09917
1300    53588.3 1315.14681	0.0245417	1.22812 294.5   133.7   0.10353
1400    53525.6 1356.24884	0.0253383	1.18900 244.0   122.4   0.09482
1500    53741.2 1345.57803	0.0250381	1.19791 255.5   126.7   0.09810
1600    53706.3 1239.25262	0.0230746	1.22541 291.0   133.7   0.10353
1700    53781.8 1154.73768	0.0214708	1.21340 275.5   134.2   0.10398
1800    54000.1 1496.91233	0.0277205	1.21069 272.0   135.4   0.10485
1900    53241.9 1153.11487	0.0216580	1.18668 241.0   118.2   0.09154
2000    53753.4 1285.62212	0.0239171	1.20256 261.5   133.6   0.10349
2100    54052.4 1167.57926	0.0216009	1.22541 291.0   138.2   0.10709
2200    53481.2 1082.93481	0.0202489	1.20217 261.0   127.2   0.09850
2300    54036.0 1413.37924	0.0261563	1.19404 250.5   125.6   0.09727
2400    54029.6 1342.12459	0.0248406	1.20991 271.0   137.6   0.10661
2500    53594.1 1393.01184	0.0259919	1.20565 265.5   132.2   0.10243
2600    53570.9 1191.81423	0.0222474	1.22037 284.5   132.5   0.10263
2700    54335.8 1015.15981	0.0186831	1.23238 300.0   145.5   0.11271
2800    52826.8 1094.11213	0.0207113	1.17777 229.5   109.5   0.08478
2900    53728.6 1240.47380	0.0230878	1.21998 284.0   141.1   0.10928
3000    53966.8 1511.14818	0.0280014	1.22502 290.5   141.4   0.10954
3100    53775.9 1670.01712	0.0310551	1.19016 245.5   118.6   0.09184
3200    54364.1 1433.74111	0.0263729	1.21534 278.0   134.5   0.10419
3300    54378.8 1637.78990	0.0301182	1.19675 254.0   128.8   0.09978
3400    53756.8 1097.20523	0.0204105	1.21805 281.5   140.1   0.10855
3500    53803.0 1373.28399	0.0255243	1.20411 263.5   136.4   0.10562
3600    54078.9 1227.29836	0.0226946	1.22115 285.5   138.2   0.10705
3700    53743.9 1230.09908	0.0228882	1.20914 270.0   134.0   0.10379
3800    54073.8 1200.64026	0.0222038	1.20062 259.0   133.4   0.10335
3900    53577.0 1164.66642	0.0217382	1.20565 265.5   129.7   0.10043
4000    53972.7 1457.34930	0.0270016	1.20023 258.5   135.3   0.10483
4100    53609.2 1672.28812	0.0311941	1.21921 283.0   129.7   0.10047
4200    53932.8 1376.35601	0.0255199	1.20488 264.5   133.3   0.10322
4300    53810.8 1529.20181	0.0284181	1.19946 257.5   123.0   0.09531
4400    53880.7 1413.66039	0.0262369	1.18900 244.0   122.9   0.09517
4500    53855.1 1456.29859	0.0270411	1.19713 254.5   126.2   0.09775
4600    54247.4 1255.64349	0.0231466	1.19558 252.5   133.7   0.10357
4700    53361.2 1129.83551	0.0211733	1.19636 253.5   125.9   0.09754
4800    53768.0 1161.32550	0.0215988	1.21301 275.0   128.0   0.09912
4900    53696.7 860.47325	0.0160247	1.21146 273.0   134.1   0.10384
5000    53697.4 1170.66374	0.0218011	1.19016 245.5   126.3   0.09780
5100    53821.7 1374.13535	0.0255312	1.20798 268.5   126.4   0.09793
5200    53888.3 1260.84619	0.0233974	1.19752 255.0   127.0   0.09839
5300    53652.6 1426.02376	0.0265789	1.19287 249.0   127.2   0.09855
5400    53486.3 1144.48731	0.0213978	1.21146 273.0   128.9   0.09987
5500    54015.3 1563.57293	0.0289468	1.20759 268.0   129.9   0.10063
5600    53739.9 1252.92980	0.0233147	1.20527 265.0   134.9   0.10451
5700    53797.3 1174.38521	0.0218298	1.21069 272.0   135.3   0.10482
5800    53985.0 1172.24583	0.0217143	1.21844 282.0   134.1   0.10391
5900    53781.6 1166.07722	0.0216817	1.20604 266.0   135.0   0.10457
6000    53301.0 1157.80297	0.0217220	1.21146 273.0   129.3   0.10018
6100    53854.7 1267.71348	0.0235395	1.23044 297.5   144.3   0.11178
6200    54171.3 1390.44557	0.0256676	1.20837 269.0   134.1   0.10385
6300    54421.6 1408.14038	0.0258746	1.22851 295.0   138.7   0.10747
6400    53616.2 1143.51325	0.0213278	1.18474 238.5   121.9   0.09445
6500    53918.4 1348.72588	0.0250142	1.17273 223.0   119.2   0.09231
6600    53272.7 1020.32616	0.0191529	1.21495 277.5   128.5   0.09950
6700    53830.3 1284.37013	0.0238596	1.20682 267.0   132.8   0.10288
6800    53893.3 1578.44348	0.0292883	1.20062 259.0   126.4   0.09791
6900    53979.6 1278.99472	0.0236940	1.21805 281.5   136.9   0.10601
7000    54007.8 1183.95136	0.0219219	1.19946 257.5   123.8   0.09590
7100    53596.2 1469.79391	0.0274235	1.20062 259.0   123.2   0.09541
7200    53770.9 1395.64266	0.0259554	1.20411 263.5   128.1   0.09922
7300    53653.3 1251.92471	0.0233336	1.19442 251.0   127.7   0.09894
7400    53638.7 1204.09996	0.0224483	1.19558 252.5   125.2   0.09694
7500    53430.3 1065.06402	0.0199337	1.18474 238.5   123.2   0.09547
7600    53663.6 1013.59715	0.0188880	1.21146 273.0   130.5   0.10106
7700    54350.5 1345.85667	0.0247625	1.22115 285.5   139.3   0.10793
7800    53915.4 1607.37547	0.0298129	1.21844 282.0   132.4   0.10254
7900    54034.3 1325.66526	0.0245338	1.20565 265.5   127.2   0.09856
8000    53717.7 1471.69646	0.0273969	1.19171 247.5   123.6   0.09577
8100    53565.6 1226.66611	0.0229002	1.18861 243.5   124.3   0.09626
8200    53637.0 1207.88927	0.0225197	1.21805 281.5   131.0   0.10145
8300    54596.3 1577.83025	0.0288999	1.22773 294.0   143.4   0.11107
end try 1

begin try 2
100     53754.2 1016.71693	0.0189142	1.21418 276.5   131.9   0.10217
200     53887.0 1065.99496	0.0197820	1.22270 287.5   146.8   0.11371
300     54392.7 1454.06867	0.0267328	1.24206 312.5   147.5   0.11423
400     54307.6 1186.29810	0.0218441	1.25058 323.5   151.2   0.11708
500     54209.1 1552.91240	0.0286467	1.25523 329.5   154.3   0.11953
600     54439.7 999.17539	0.0183538	1.22967 296.5   140.9   0.10918
700     54161.4 1178.98088	0.0217679	1.22076 285.0   137.9   0.10678
800     53494.9 861.78644	0.0161097	1.18242 235.5   110.8   0.08581
900     53562.5 1307.38524	0.0244086	1.21572 278.5   131.7   0.10203
1000    53936.1 1300.27062	0.0241076	1.20139 260.0   128.7   0.09968
1100    53154.1 1009.45085	0.0189910	1.20449 264.0   122.6   0.09500
1200    54384.9 1485.40147	0.0273128	1.24012 310.0   148.0   0.11466
1300    53651.3 1308.50209	0.0243890	1.20411 263.5   127.4   0.09870
1400    53630.3 803.09888	0.0149747	1.19946 257.5   123.6   0.09573
1500    53499.7 1391.87876	0.0260166	1.23315 301.0   131.7   0.10202
1600    53214.1 1115.21561	0.0209571	1.22734 293.5   136.5   0.10572
1700    53628.7 1104.62843	0.0205977	1.22657 292.5   135.8   0.10522
1800    53190.2 1146.84151	0.0215611	1.21921 283.0   127.6   0.09884
1900    53414.7 1446.23470	0.0270756	1.21727 280.5   126.5   0.09796
2000    53210.5 1207.76240	0.0226978	1.21146 273.0   127.2   0.09852
2100    53535.0 1275.97046	0.0238343	1.20372 263.0   124.7   0.09659
2200    53201.6 1201.36745	0.0225814	1.19907 257.0   120.1   0.09299
2300    53141.0 1246.51160	0.0234567	1.19597 253.0   123.4   0.09557
2400    53590.6 1220.91005	0.0227822	1.20643 266.5   127.2   0.09853
2500    53339.2 1220.20139	0.0228762	1.20217 261.0   114.7   0.08888
2600    53383.9 1096.21390	0.0205345	1.18939 244.5   116.0   0.08983
2700    53209.7 1297.48811	0.0243844	1.15066 194.5   106.6   0.08257
2800    53508.0 1527.33212	0.0285440	1.19055 246.0   111.5   0.08634
2900    53657.2 1516.18655	0.0282569	1.22308 288.0   133.2   0.10317
3000    53487.9 1052.01952	0.0196684	1.19675 254.0   127.8   0.09898
3100    53630.9 1329.65910	0.0247928	1.18978 245.0   122.4   0.09483
3200    53707.1 1606.46352	0.0299116	1.19287 249.0   119.7   0.09273
3300    54141.0 1653.39644	0.0305387	1.20991 271.0   135.4   0.10488
3400    53853.4 1465.52226	0.0272132	1.20488 264.5   126.2   0.09777
3500    53408.7 1386.44824	0.0259592	1.19210 248.0   125.8   0.09746
3600    53604.8 936.92488	0.0174784	1.23741 306.5   144.8   0.11213
3700    53015.3 1239.22935	0.0233749	1.17545 226.5   110.7   0.08577
3800    53527.2 1443.47411	0.0269671	1.16073 207.5   104.0   0.08058
3900    53934.2 1195.03588	0.0221573	1.20643 266.5   126.7   0.09814
4000    53381.6 1287.32028	0.0241154	1.18939 244.5   123.5   0.09564
4100    53490.0 1166.25867	0.0218033	1.18435 238.0   121.3   0.09394
4200    53739.3 1205.61456	0.0224345	1.18242 235.5   121.6   0.09419
4300    53575.9 1382.22946	0.0257995	1.20720 267.5   132.1   0.10231
4400    53734.8 1351.88189	0.0251584	1.20372 263.0   130.6   0.10114
4500    53244.8 1294.88015	0.0243194	1.18823 243.0   119.1   0.09223
4600    53307.7 1588.12488	0.0297917	1.18668 241.0   114.0   0.08832
4700    53276.0 900.31365	0.0168990	1.15918 205.5   106.1   0.08222
4800    53650.5 1143.64549	0.0213166	1.20798 268.5   132.2   0.10244
4900    53746.6 1648.62362	0.0306740	1.18745 242.0   122.4   0.09484
5000    53550.8 1704.63229	0.0318321	1.21069 272.0   128.0   0.09916
5100    53550.0 1332.59626	0.0248851	1.20565 265.5   126.7   0.09810
5200    53855.3 677.95142	0.0125884	1.21069 272.0   135.1   0.10468
5300    53760.3 1485.06003	0.0276237	1.17506 226.0   114.1   0.08836
5400    53601.0 1609.69747	0.0300311	1.18784 242.5   122.5   0.09485
5500    53506.1 869.29475	0.0162466	1.22153 286.0   136.4   0.10569
5600    53851.0 1599.92071	0.0297102	1.20372 263.0   127.6   0.09881
5700    53327.4 1202.09768	0.0225419	1.20875 269.5   125.0   0.09686
5800    53344.4 1118.47184	0.0209670	1.18978 245.0   122.5   0.09487
5900    53590.6 1306.70591	0.0243831	1.18358 237.0   118.0   0.09144
6000    53578.0 1173.57681	0.0219041	1.19171 247.5   124.3   0.09628
6100    53359.4 1388.55816	0.0260227	1.17622 227.5   108.7   0.08417
6200    53954.6 1208.06329	0.0223904	1.17661 228.0   123.1   0.09537
6300    53144.9 1083.49519	0.0203876	1.17738 229.0   111.7   0.08655
6400    53617.5 1166.40777	0.0217542	1.21185 273.5   129.4   0.10023
6500    53705.2 1416.02453	0.0263666	1.18784 242.5   122.5   0.09486
6600    53958.8 1112.12541	0.0206106	1.20875 269.5   133.7   0.10360
6700    53763.6 1451.98247	0.0270068	1.21263 274.5   131.0   0.10146
6800    53796.4 1189.29776	0.0221074	1.19946 257.5   129.4   0.10020
6900    54027.2 1368.39779	0.0253279	1.19365 250.0   131.1   0.10158
7000    53750.6 1249.32749	0.0232430	1.19946 257.5   128.8   0.09978
7100    53880.8 1250.99298	0.0232178	1.20101 259.5   136.5   0.10572
7200    53686.5 1048.99556	0.0195393	1.18590 240.0   117.1   0.09071
7300    53248.4 1214.91262	0.0228159	1.18242 235.5   120.6   0.09343
7400    53025.3 1035.90409	0.0195360	1.16654 215.0   115.0   0.08905
7500    53117.2 1113.43318	0.0209618	1.15376 198.5   104.7   0.08109
7600    53809.4 1404.12179	0.0260943	1.17971 232.0   112.8   0.08739
7700    53705.8 1344.79147	0.0250400	1.18358 237.0   124.9   0.09675
end try 2

begin try 3
100     54695.4 1346.12100	0.0246112	1.25639 331.0   152.6   0.11818
200     53767.2 1651.38609	0.0307136	1.23277 300.5   132.5   0.10261
300     53901.1 1494.20398	0.0277212	1.21418 276.5   137.1   0.10622
400     54013.0 1417.27783	0.0262395	1.22153 286.0   141.0   0.10925
500     54091.6 1631.61351	0.0301639	1.23974 309.5   135.3   0.10479
600     53330.8 1422.48929	0.0266730	1.20914 270.0   131.7   0.10200
700     53718.4 1370.27777	0.0255085	1.22928 296.0   143.9   0.11148
800     53482.3 1113.18240	0.0208140	1.23431 302.5   146.2   0.11321
900     54183.0 1318.99013	0.0243433	1.23393 302.0   142.6   0.11046
1000    54012.0 1380.97760	0.0255680	1.24206 312.5   142.9   0.11071
1100    53963.3 1553.69218	0.0287916	1.21960 283.5   138.8   0.10752
1200    53974.8 1306.74176	0.0242102	1.23199 299.5   143.6   0.11123
1300    53510.3 936.58216	0.0175028	1.23896 308.5   142.8   0.11064
1400    53599.2 1319.73420	0.0246223	1.21998 284.0   135.7   0.10513
1500    53784.2 1115.58754	0.0207419	1.24284 313.5   145.7   0.11286
1600    53852.2 1395.34091	0.0259106	1.24864 321.0   144.4   0.11186
1700    53651.4 1213.81547	0.0226241	1.23160 299.0   137.7   0.10666
1800    54063.2 1367.63711	0.0252970	1.23393 302.0   134.0   0.10383
1900    54150.2 1415.09566	0.0261328	1.22928 296.0   141.9   0.10990
2000    54052.8 1334.11198	0.0246817	1.25407 328.0   145.2   0.11245
2100    53881.6 1410.56523	0.0261790	1.23354 301.5   142.1   0.11004
2200    53861.5 1061.70897	0.0197118	1.23586 304.5   141.9   0.10995
2300    53964.1 1410.27563	0.0261336	1.23780 307.0   144.4   0.11184
2400    54168.8 1141.40984	0.0210714	1.24400 315.0   141.3   0.10949
2500    53883.2 1363.32742	0.0253015	1.24090 311.0   147.4   0.11415
2600    53005.2 963.26906	0.0181731	1.22463 290.0   134.3   0.10403
2700    53365.5 1087.42824	0.0203770	1.23393 302.0   140.7   0.10900
2800    54025.2 1433.66405	0.0265369	1.25600 330.5   145.4   0.11263
2900    54321.2 1487.39746	0.0273815	1.23935 309.0   142.2   0.11012
3000    54077.1 1331.23856	0.0246174	1.22851 295.0   135.0   0.10455
3100    53466.7 1422.25796	0.0266008	1.22424 289.5   130.4   0.10105
3200    54354.5 1338.27529	0.0246212	1.23857 308.0   151.4   0.11725
3300    54097.1 1496.13461	0.0276565	1.23083 298.0   143.8   0.11136
3400    54114.9 912.63936	0.0168649	1.22192 286.5   146.0   0.11310
3500    53689.5 1358.32962	0.0252997	1.24710 319.0   142.7   0.11055
3600    54185.2 1824.38337	0.0336694	1.23083 298.0   140.0   0.10844
3700    53883.5 1332.40303	0.0247275	1.23354 301.5   145.3   0.11254
3800    54037.7 1061.70793	0.0196475	1.22812 294.5   141.2   0.10941
3900    54144.9 1581.40196	0.0292068	1.24438 315.5   146.2   0.11327
4000    53815.9 1337.78537	0.0248586	1.22696 293.0   140.4   0.10874
4100    54002.2 1226.52602	0.0227125	1.23277 300.5   136.6   0.10577
4200    54130.2 1294.10317	0.0239072	1.23509 303.5   142.5   0.11040
4300    54054.3 1407.80570	0.0260443	1.22773 294.0   137.3   0.10634
4400    54605.1 1614.91470	0.0295744	1.23199 299.5   147.2   0.11404
4500    53973.0 1408.87745	0.0261034	1.22308 288.0   145.0   0.11233
4600    53958.4 1471.50020	0.0272710	1.22851 295.0   139.3   0.10792
4700    53824.4 1596.97629	0.0296701	1.21844 282.0   132.3   0.10247
4800    53722.8 1291.50953	0.0240403	1.23548 304.0   139.4   0.10794
4900    54047.9 1325.78643	0.0245298	1.23354 301.5   136.6   0.10581
5000    53947.2 986.39849	0.0182845	1.23044 297.5   138.2   0.10708
5100    54222.4 1144.94516	0.0211157	1.23896 308.5   142.5   0.11037
5200    54077.2 1526.97199	0.0282369	1.24012 310.0   149.0   0.11541
5300    53936.2 1633.78908	0.0302911	1.21495 277.5   129.8   0.10054
5400    53982.9 1120.84202	0.0207629	1.22424 289.5   139.0   0.10765
5500    53667.3 1158.78681	0.0215921	1.22812 294.5   144.8   0.11217
5600    54266.5 1406.65946	0.0259213	1.22657 292.5   139.2   0.10786
5700    54044.6 1317.89476	0.0243853	1.22347 288.5   137.6   0.10658
5800    54370.7 1079.64170	0.0198570	1.21766 281.0   134.3   0.10404
5900    53910.5 1199.62085	0.0222521	1.22502 290.5   131.2   0.10166
6000    53977.3 977.05547	0.0181012	1.25213 325.5   149.1   0.11552
6100    54074.1 1532.27992	0.0283367	1.21998 284.0   137.6   0.10659
6200    53616.8 1372.47213	0.0255978	1.20991 271.0   134.1   0.10391
6300    54062.9 1237.63169	0.0228924	1.22579 291.5   140.3   0.10865
6400    54037.0 1441.08595	0.0266685	1.22115 285.5   133.7   0.10360
6500    54140.3 1529.07488	0.0282428	1.22812 294.5   138.7   0.10746
6600    53953.4 1585.60010	0.0293883	1.23199 299.5   133.6   0.10352
6700    54103.1 1689.55174	0.0312284	1.23780 307.0   145.4   0.11264
6800    53600.0 1003.49855	0.0187220	1.22734 293.5   142.4   0.11028
6900    54240.0 1928.97817	0.0355638	1.24090 311.0   148.9   0.11537
7000    53635.2 1303.55482	0.0243041	1.21805 281.5   136.4   0.10563
7100    53942.5 1296.19469	0.0240292	1.24284 313.5   146.4   0.11342
7200    53575.9 1199.03110	0.0223800	1.24051 310.5   140.4   0.10874
7300    53435.2 1435.34320	0.0268614	1.23703 306.0   138.0   0.10689
7400    53936.4 1318.58020	0.0244470	1.20875 269.5   133.7   0.10360
7500    53962.8 1147.83404	0.0212708	1.23780 307.0   144.5   0.11191
7600    53966.8 1010.83237	0.0187306	1.23935 309.0   141.1   0.10927
7700    53889.0 1439.19471	0.0267067	1.23005 297.0   144.1   0.11165
7800    54920.4 1415.31722	0.0257703	1.23819 307.5   148.8   0.11527
7900    53499.4 1157.39200	0.0216338	1.21960 283.5   131.3   0.10170
8000    54268.2 1414.24749	0.0260604	1.23896 308.5   150.5   0.11660
8100    53710.5 588.34996	0.0109541	1.21727 280.5   134.0   0.10376
end try 3

begin try 4
100     54758.4 1499.22516	0.0273789	1.25716 332.0   152.2   0.11790
200     53721.0 1454.35941	0.0270725	1.20527 265.0   123.5   0.09564
300     54541.1 1129.58994	0.0207108	1.21534 278.0   139.2   0.10786
400     53841.4 1129.40216	0.0209765	1.21572 278.5   134.9   0.10453
500     54055.5 1063.92959	0.0196822	1.21689 280.0   130.6   0.10112
600     53837.6 909.54966	0.0168943	1.20643 266.5   132.8   0.10285
700     53618.8 1181.15904	0.0220288	1.20178 260.5   128.4   0.09944
800     53612.1 1326.83175	0.0247487	1.19365 250.0   125.2   0.09699
900     54131.4 1384.76713	0.0255816	1.21379 276.0   134.2   0.10396
1000    54008.4 1034.00878	0.0191453	1.22967 296.5   140.8   0.10907
1100    53742.1 1183.36571	0.0220194	1.20294 262.0   127.7   0.09891
1200    53278.9 1252.75208	0.0235131	1.19830 256.0   128.6   0.09964
1300    53549.6 1133.21207	0.0211619	1.20256 261.5   129.8   0.10053
1400    53726.3 1705.53620	0.0317449	1.19907 257.0   125.6   0.09728
1500    54184.9 1512.18609	0.0279079	1.21766 281.0   136.3   0.10558
1600    54247.4 1510.47142	0.0278441	1.19946 257.5   131.6   0.10190
1700    54078.1 1589.99630	0.0294019	1.21960 283.5   140.7   0.10896
1800    54087.2 1250.60933	0.0231221	1.21882 282.5   136.5   0.10575
1900    54342.2 1520.20424	0.0279746	1.22347 288.5   141.4   0.10950
2000    53974.0 1624.52707	0.0300983	1.19016 245.5   127.9   0.09905
2100    53761.9 1054.56845	0.0196155	1.20294 262.0   129.2   0.10007
2200    54199.9 1198.25015	0.0221080	1.22967 296.5   149.5   0.11578
2300    53953.0 1333.11904	0.0247089	1.19520 252.0   130.8   0.10132
2400    54068.2 1504.67015	0.0278291	1.20139 260.0   128.6   0.09958
2500    53592.6 917.12463	0.0171129	1.18552 239.5   123.6   0.09576
2600    54016.8 1305.82904	0.0241745	1.18552 239.5   128.3   0.09942
2700    54147.5 1189.93477	0.0219758	1.21108 272.5   132.9   0.10295
2800    53966.0 1067.52149	0.0197814	1.17699 228.5   129.0   0.09992
2900    53814.6 1136.83665	0.0211250	1.18590 240.0   129.2   0.10007
3000    54256.2 1588.58255	0.0292793	1.19442 251.0   134.0   0.10381
3100    53936.1 1254.81919	0.0232649	1.19675 254.0   129.0   0.09990
3200    54164.6 1544.44364	0.0285139	1.20759 268.0   132.8   0.10289
3300    53705.2 1308.80355	0.0243702	1.19520 252.0   134.7   0.10435
3400    53743.6 975.52341	0.0181514	1.19675 254.0   129.0   0.09993
3500    53621.8 1147.87422	0.0214068	1.19016 245.5   125.7   0.09733
3600    53912.4 1206.29073	0.0223750	1.18745 242.0   122.0   0.09451
3700    53553.2 1505.41657	0.0281107	1.16383 211.5   111.9   0.08666
3800    53722.2 1568.73610	0.0292009	1.22424 289.5   135.4   0.10485
3900    53977.3 1368.24589	0.0253485	1.19868 256.5   132.3   0.10252
4000    53853.2 1397.04680	0.0259417	1.20527 265.0   128.5   0.09953
4100    53917.1 1344.74751	0.0249410	1.21534 278.0   143.6   0.11125
4200    53709.8 1114.05623	0.0207422	1.20953 270.5   131.8   0.10213
4300    54489.3 1401.15121	0.0257142	1.19636 253.5   127.2   0.09850
4400    53928.0 1561.37507	0.0289530	1.21611 279.0   132.3   0.10248
4500    53886.8 1398.23611	0.0259476	1.22231 287.0   136.1   0.10541
4600    54345.5 1402.57980	0.0258086	1.19752 255.0   125.9   0.09750
4700    53821.4 1482.71979	0.0275489	1.20178 260.5   130.2   0.10089
4800    53656.4 1052.75611	0.0196203	1.19055 246.0   121.8   0.09435
4900    54138.2 1412.61010	0.0260927	1.20139 260.0   120.6   0.09342
5000    53752.2 990.47585	0.0184267	1.20643 266.5   133.7   0.10360
5100    53797.4 1157.25379	0.0215113	1.18978 245.0   117.9   0.09133
5200    53885.2 988.44175	0.0183435	1.19597 253.0   128.4   0.09943
5300    54099.7 1029.73110	0.0190340	1.20682 267.0   134.6   0.10427
5400    53472.0 1256.73590	0.0235027	1.18125 234.0   117.9   0.09129
5500    53878.8 1413.21226	0.0262294	1.21534 278.0   131.1   0.10156
5600    53959.6 1404.73016	0.0260330	1.20565 265.5   126.6   0.09806
5700    54354.8 1206.25436	0.0221922	1.22037 284.5   141.6   0.10971
5800    53428.0 1235.63332	0.0231271	1.20411 263.5   126.7   0.09812
5900    53735.2 1042.29265	0.0193968	1.19171 247.5   123.1   0.09533
6000    54182.8 1239.13990	0.0228696	1.20488 264.5   126.2   0.09775
6100    53843.6 1403.81543	0.0260721	1.21108 272.5   132.8   0.10286
6200    54130.3 1202.93086	0.0222229	1.20023 258.5   127.6   0.09885
6300    53897.9 1741.11621	0.0323040	1.19985 258.0   131.0   0.10149
6400    53870.0 795.13379	0.0147602	1.19481 251.5   129.8   0.10058
6500    53395.3 1361.47435	0.0254980	1.20759 268.0   121.7   0.09426
6600    54046.9 1259.73477	0.0233082	1.17971 232.0   125.4   0.09711
6700    53478.2 1405.21404	0.0262764	1.20914 270.0   124.0   0.09606
6800    53957.7 1145.12156	0.0212226	1.21844 282.0   134.7   0.10430
6900    54322.8 1223.22185	0.0225177	1.21340 275.5   138.2   0.10704
7000    53867.7 1280.07772	0.0237634	1.18552 239.5   122.0   0.09451
7100    53661.8 940.28700	0.0175225	1.20101 259.5   131.4   0.10175
7200    53904.6 1563.40051	0.0290031	1.20256 261.5   129.4   0.10020
7300    53996.3 1294.03566	0.0239653	1.21340 275.5   130.5   0.10112
7400    53838.1 1534.74436	0.0285067	1.19520 252.0   127.5   0.09876
7500    54058.6 1307.11075	0.0241795	1.18978 245.0   128.2   0.09933
7600    53761.4 1089.97603	0.0202743	1.20643 266.5   130.5   0.10111
7700    53133.8 1088.12335	0.0204789	1.18048 233.0   109.5   0.08481
7800    53813.7 1300.28515	0.0241627	1.21495 277.5   132.7   0.10282
7900    52965.1 1014.21484	0.0191487	1.15492 200.0   104.0   0.08054
8000    53568.6 1498.27036	0.0279692	1.17893 231.0   114.3   0.08851
8100    53859.0 1348.53246	0.0250382	1.19675 254.0   123.4   0.09559
8200    53959.0 1383.63439	0.0256423	1.17583 227.0   120.3   0.09318
end try 4

begin try 5
100     54302.4 1402.96917	0.0258362	1.22502 290.5   138.2   0.10704
200     53586.2 1430.08847	0.0266876	1.21146 273.0   120.8   0.09359
300     53903.8 1214.26312	0.0225265	1.21534 278.0   135.1   0.10468
400     53970.5 1303.19646	0.0241465	1.20720 267.5   139.5   0.10806
500     53549.4 1160.05765	0.0216633	1.19946 257.5   130.1   0.10074
600     53542.1 1153.81929	0.0215497	1.17506 226.0   120.8   0.09361
700     53813.9 1118.56040	0.0207857	1.19404 250.5   123.8   0.09587
800     53234.0 874.63757	0.0164301	1.18513 239.0   120.0   0.09295
900     53888.4 1281.27326	0.0237764	1.20643 266.5   128.6   0.09959
1000    54007.0 1296.60558	0.0240081	1.18745 242.0   126.2   0.09775
1100    53376.8 1228.09806	0.0230081	1.18629 240.5   113.6   0.08803
1200    53777.1 1524.63879	0.0283511	1.19985 258.0   126.0   0.09757
1300    53667.5 1060.22329	0.0197554	1.19713 254.5   130.2   0.10083
1400    54078.6 1289.18482	0.0238391	1.20372 263.0   134.8   0.10443
1500    53504.6 944.92204	0.0176606	1.21263 274.5   124.9   0.09675
1600    54272.5 1527.89559	0.0281523	1.20914 270.0   142.7   0.11052
1700    53788.5 1505.70637	0.0279931	1.20294 262.0   127.1   0.09847
1800    53935.4 1502.01451	0.0278484	1.22734 293.5   138.8   0.10755
1900    53659.4 1102.85421	0.0205529	1.21224 274.0   132.5   0.10266
2000    53153.7 1614.57852	0.0303756	1.19249 248.5   122.7   0.09507
2100    53887.3 1210.17053	0.0224574	1.21960 283.5   144.2   0.11169
2200    53908.6 1403.61254	0.0260369	1.21650 279.5   135.4   0.10491
2300    53796.6 1078.21519	0.0200424	1.20837 269.0   136.2   0.10549
2400    53862.3 1193.88814	0.0221656	1.21921 283.0   132.3   0.10250
2500    53944.7 971.12184	0.0180022	1.22773 294.0   138.4   0.10719
2600    53769.4 972.52921	0.0180871	1.23005 297.0   141.7   0.10978
2700    53637.2 1178.08894	0.0219640	1.20914 270.0   136.5   0.10570
2800    53971.3 1800.69037	0.0333639	1.22308 288.0   137.0   0.10609
2900    53517.6 978.67675	0.0182870	1.21301 275.0   139.1   0.10774
3000    53680.2 1051.03104	0.0195795	1.21495 277.5   132.2   0.10242
3100    54462.7 1356.78464	0.0249122	1.24129 311.5   150.6   0.11663
3200    53932.3 1280.06535	0.0237347	1.23005 297.0   140.2   0.10862
3300    53499.7 987.73405	0.0184624	1.22734 293.5   143.8   0.11140
3400    53974.2 1400.15175	0.0259411	1.22386 289.0   137.4   0.10639
3500    54025.5 1580.70016	0.0292584	1.22502 290.5   140.5   0.10883
3600    53905.5 1321.35909	0.0245125	1.22618 292.0   135.3   0.10478
3700    53811.4 1311.97418	0.0243810	1.22231 287.0   138.5   0.10729
3800    54156.4 1163.72312	0.0214882	1.22579 291.5   144.5   0.11191
3900    54103.0 1308.42025	0.0241839	1.21805 281.5   135.7   0.10510
4000    53773.7 1431.82057	0.0266268	1.21572 278.5   138.5   0.10725
4100    54538.6 1025.85546	0.0188097	1.22734 293.5   143.0   0.11077
4200    53850.0 1044.90588	0.0194040	1.21882 282.5   138.9   0.10761
4300    53992.6 1305.53029	0.0241798	1.22386 289.0   143.7   0.11131
4400    53839.1 1241.14168	0.0230528	1.23122 298.5   140.9   0.10914
4500    53978.7 1296.18603	0.0240129	1.19713 254.5   129.1   0.09999
4600    53598.7 1139.70759	0.0212637	1.20139 260.0   128.9   0.09985
4700    53782.4 994.29523	0.0184874	1.21456 277.0   129.8   0.10052
4800    53678.8 1343.67665	0.0250318	1.21263 274.5   130.7   0.10125
4900    53860.7 997.63134	0.0185224	1.23625 305.0   140.6   0.10887
5000    54217.4 1798.45331	0.0331712	1.22579 291.5   141.2   0.10934
5100    53312.9 1354.36162	0.0254040	1.19946 257.5   128.1   0.09925
5200    54062.2 1249.71136	0.0231162	1.20488 264.5   134.0   0.10377
5300    53756.0 1146.64690	0.0213306	1.22696 293.0   138.8   0.10754
5400    54471.8 1516.46252	0.0278394	1.19713 254.5   122.8   0.09514
5500    53332.6 1263.91736	0.0236988	1.21069 272.0   133.2   0.10316
5600    53609.4 941.58372	0.0175638	1.21108 272.5   134.5   0.10418
5700    53313.7 992.73871	0.0186207	1.20953 270.5   131.6   0.10190
5800    53825.6 1410.54812	0.0262059	1.18397 237.5   121.0   0.09375
5900    53528.2 1203.63928	0.0224861	1.19326 249.5   131.1   0.10151
6000    53450.5 1031.04502	0.0192897	1.21224 274.0   136.0   0.10536
6100    53742.2 1309.35688	0.0243636	1.22734 293.5   137.6   0.10661
6200    53344.0 930.76557	0.0174484	1.21108 272.5   131.9   0.10217
6300    53388.2 1155.04045	0.0216347	1.21650 279.5   133.4   0.10332
6400    53859.8 1548.97551	0.0287594	1.22424 289.5   137.1   0.10616
6500    53946.1 1025.81018	0.0190155	1.22153 286.0   135.8   0.10516
6600    53781.3 1605.32081	0.0298490	1.21108 272.5   133.8   0.10367
6700    53655.9 1248.64169	0.0232713	1.21069 272.0   132.8   0.10286
6800    53295.6 1042.90260	0.0195683	1.19287 249.0   118.8   0.09205
6900    53807.7 1275.15922	0.0236984	1.22851 295.0   138.6   0.10739
7000    53762.2 1238.86763	0.0230435	1.22347 288.5   135.5   0.10495
7100    53926.8 1206.13144	0.0223661	1.23664 305.5   147.6   0.11429
7200    53575.1 1246.36805	0.0232640	1.19830 256.0   128.5   0.09954
7300    54356.3 1603.31283	0.0294964	1.23393 302.0   143.9   0.11145
7400    53654.0 1344.48454	0.0250584	1.20527 265.0   126.5   0.09800
7500    53668.6 1095.38425	0.0204101	1.22618 292.0   139.1   0.10777
7600    53856.2 1495.17162	0.0277623	1.21495 277.5   140.5   0.10886
7700    53377.0 1012.17731	0.0189628	1.23625 305.0   137.8   0.10676
7800    54149.2 1631.94921	0.0301380	1.20759 268.0   132.0   0.10226
7900    53665.3 1099.24332	0.0204833	1.20643 266.5   129.2   0.10012
8000    54003.9 1211.40966	0.0224319	1.21340 275.5   138.6   0.10736
8100    53579.2 1201.01574	0.0224157	1.23315 301.0   137.1   0.10622
8200    54055.7 1481.51518	0.0274072	1.23122 298.5   140.8   0.10909
8300    53869.8 1381.05786	0.0256369	1.22308 288.0   140.0   0.10841
end try 5

begin try 6
100     54189.0 1274.08619	0.0235119	1.22231 287.0   134.4   0.10409
200     54164.4 1422.20978	0.0262573	1.23238 300.0   139.4   0.10800
300     53904.5 1247.70573	0.0231466	1.22463 290.0   127.6   0.09882
400     53566.5 1493.72597	0.0278854	1.19249 248.5   119.8   0.09283
500     54418.8 1627.08027	0.0298993	1.20682 267.0   133.1   0.10309
600     53612.3 856.58560	0.0159774	1.19946 257.5   124.5   0.09642
700     53494.2 919.98436	0.0171978	1.22076 285.0   134.2   0.10393
800     53899.2 1299.62362	0.0241121	1.21456 277.0   142.5   0.11035
900     53759.3 1145.39467	0.0213060	1.20411 263.5   126.9   0.09826
1000    53844.4 1226.74613	0.0227832	1.20178 260.5   128.1   0.09926
1100    53781.5 861.30768	0.0160149	1.22463 290.0   136.8   0.10594
1200    53808.5 1077.28521	0.0200207	1.19481 251.5   127.5   0.09873
1300    53197.0 1165.94720	0.0219176	1.16615 214.5   109.4   0.08475
1400    53998.8 1566.06504	0.0290018	1.18978 245.0   117.4   0.09090
1500    53774.1 1722.97727	0.0320410	1.20875 269.5   126.6   0.09809
1600    54133.2 1219.33242	0.0225247	1.22696 293.0   138.2   0.10705
1700    53942.0 1157.34841	0.0214554	1.19868 256.5   134.4   0.10413
1800    53904.8 1849.95088	0.0343189	1.20527 265.0   125.9   0.09752
1900    54119.8 1681.59677	0.0310718	1.20333 262.5   131.2   0.10162
2000    53430.7 698.45720	0.0130722	1.17002 219.5   110.2   0.08539
2100    53845.7 1296.14301	0.0240714	1.20565 265.5   127.5   0.09874
2200    53950.8 1204.77412	0.0223310	1.20411 263.5   132.6   0.10268
2300    53789.4 1349.45844	0.0250878	1.19326 249.5   125.6   0.09728
2400    54546.0 1263.07992	0.0231563	1.21495 277.5   131.1   0.10159
2500    53607.7 1037.55143	0.0193545	1.20527 265.0   133.4   0.10333
2600    53654.6 1546.37329	0.0288209	1.20101 259.5   127.4   0.09866
2700    53647.1 1080.28927	0.0201370	1.19171 247.5   129.8   0.10058
2800    54311.5 1620.89849	0.0298445	1.21650 279.5   130.7   0.10127
2900    53851.7 1292.59847	0.0240029	1.20217 261.0   124.6   0.09654
3000    54189.6 1895.81777	0.0349849	1.20372 263.0   132.9   0.10292
3100    53259.2 954.95375	0.0179303	1.18164 234.5   114.4   0.08865
3200    53052.6 879.24722	0.0165731	1.19752 255.0   121.5   0.09414
3300    54073.4 1160.56046	0.0214627	1.20720 267.5   131.4   0.10176
3400    54125.5 1724.35338	0.0318584	1.21301 275.0   122.3   0.09471
3500    53565.6 1225.83465	0.0228848	1.17777 229.5   118.8   0.09204
3600    53136.0 1152.05168	0.0216812	1.16654 215.0   101.7   0.07877
3700    53776.8 1112.17748	0.0206814	1.21844 282.0   136.8   0.10596
3800    54103.7 1466.94571	0.0271136	1.20604 266.0   131.4   0.10175
3900    53594.5 1542.71647	0.0287850	1.17157 221.5   113.6   0.08803
4000    54508.8 1497.19897	0.0274671	1.19404 250.5   129.9   0.10061
4100    53285.4 1127.68239	0.0211631	1.19597 253.0   120.0   0.09292
4200    53701.0 1178.84391	0.0219520	1.19520 252.0   126.8   0.09819
4300    53700.2 1209.01976	0.0225142	1.20953 270.5   127.3   0.09863
4400    53658.7 1330.43478	0.0247944	1.20914 270.0   129.4   0.10021
4500    54233.4 1492.54070	0.0275207	1.20875 269.5   131.4   0.10180
4600    53682.2 1206.01164	0.0224658	1.21534 278.0   137.0   0.10610
4700    54108.2 1582.23632	0.0292421	1.20953 270.5   130.6   0.10119
4800    53786.2 1428.66273	0.0265619	1.18474 238.5   120.2   0.09313
4900    53707.0 1049.78541	0.0195465	1.17932 231.5   121.9   0.09441
5000    53254.6 1379.92617	0.0259118	1.18319 236.5   114.1   0.08838
5100    54405.0 1561.89730	0.0287087	1.21727 280.5   139.7   0.10822
5200    53892.5 1191.96225	0.0221174	1.20682 267.0   133.7   0.10354
5300    53430.0 1205.25099	0.0225576	1.15337 198.0   109.3   0.08463
5400    54196.0 1349.34416	0.0248975	1.20565 265.5   129.6   0.10036
5500    53763.8 1565.83175	0.0291243	1.18280 236.0   122.9   0.09522
5600    53866.4 1197.88445	0.0222381	1.20139 260.0   134.1   0.10387
5700    53869.4 1569.42027	0.0291338	1.21340 275.5   132.4   0.10255
5800    54023.5 1512.96277	0.0280056	1.20798 268.5   133.2   0.10316
5900    53362.2 1038.60378	0.0194633	1.18280 236.0   123.7   0.09579
6000    53399.7 1052.60112	0.0197117	1.19249 248.5   121.2   0.09384
6100    53793.7 1084.25876	0.0201559	1.20682 267.0   127.8   0.09897
6200    53535.9 1247.56203	0.0233033	1.18203 235.0   122.2   0.09465
6300    53888.3 1212.97415	0.0225091	1.18048 233.0   122.4   0.09484
6400    53809.2 1464.91876	0.0272243	1.20294 262.0   126.6   0.09809
6500    53942.8 1118.43628	0.0207337	1.19287 249.0   128.6   0.09960
6600    53853.7 1209.64687	0.0224617	1.22812 294.5   139.5   0.10806
6700    53621.6 1056.16752	0.0196967	1.21650 279.5   128.3   0.09939
6800    53516.2 1264.10713	0.0236210	1.17854 230.5   113.2   0.08769
6900    53352.2 1214.72329	0.0227680	1.16576 214.0   107.5   0.08329
7000    53380.0 1513.56350	0.0283545	1.17699 228.5   115.2   0.08925
7100    52783.8 802.90390	0.0152112	1.18164 234.5   111.8   0.08662
7200    54341.7 1687.65364	0.0310563	1.21921 283.0   141.1   0.10930
7300    53673.9 1202.38788	0.0224017	1.17390 224.5   112.7   0.08733
7400    52843.3 1097.73276	0.0207734	1.15724 203.0   100.3   0.07771
7500    53362.5 806.31415	0.0151101	1.15608 201.5   112.0   0.08679
7600    53486.6 970.78233	0.0181500	1.18125 234.0   116.4   0.09015
7700    53322.8 1095.95448	0.0205532	1.17273 223.0   114.6   0.08878
7800    53494.8 1317.56930	0.0246299	1.16034 207.0   109.6   0.08489
7900    53461.4 1438.65863	0.0269103	1.16460 212.5   114.4   0.08864
8000    53430.2 1018.39588	0.0190603	1.16073 207.5   110.1   0.08530
8100    53660.6 1167.01339	0.0217480	1.17196 222.0   117.3   0.09090
8200    53729.4 1233.60799      0.0229596       1.16692 215.5   112.0   0.08674
8300    53799.8 1306.15015      0.0242780       1.21882 282.5   135.5   0.10494
end try 6

begin try 7
100     54130.0 1496.80853	0.0276521	1.22231 287.0   139.8   0.10829
200     53917.8 1384.00814	0.0256689	1.23431 302.5   143.2   0.11094
300     54026.5 908.09728	0.0168084	1.23548 304.0   145.7   0.11284
400     54302.9 1386.12466	0.0255258	1.24787 320.0   142.6   0.11048
500     54104.3 1365.99194	0.0252474	1.23935 309.0   142.3   0.11021
600     54140.4 1382.04788	0.0255271	1.23083 298.0   140.9   0.10913
700     54089.5 1158.69579	0.0214218	1.23354 301.5   138.6   0.10739
800     53983.5 1494.97453	0.0276932	1.22579 291.5   145.0   0.11228
900     54130.3 1703.74692	0.0314749	1.23277 300.5   146.4   0.11341
1000    53634.1 1121.95146	0.0209186	1.21921 283.0   136.1   0.10541
1100    54152.0 1117.02165	0.0206275	1.22967 296.5   137.7   0.10667
1200    53705.9 1299.94123	0.0242048	1.22967 296.5   141.5   0.10957
1300    54264.4 1316.40397	0.0242591	1.21689 280.0   133.4   0.10334
1400    54448.0 1319.66080	0.0242371	1.24051 310.5   146.7   0.11362
1500    53542.1 1159.63902	0.0216585	1.22541 291.0   142.9   0.11067
1600    54002.0 1284.37018	0.0237838	1.24051 310.5   150.8   0.11681
1700    53958.8 1553.98967	0.0287995	1.21185 273.5   135.5   0.10495
1800    53732.7 1308.52164	0.0243524	1.20991 271.0   133.7   0.10358
1900    54283.3 1616.50608	0.0297791	1.23625 305.0   146.5   0.11347
2000    54260.7 1288.24019	0.0237417	1.24555 317.0   150.8   0.11681
2100    53929.3 1235.42919	0.0229083	1.22424 289.5   139.1   0.10778
2200    53867.1 884.99719	0.0164293	1.21882 282.5   142.5   0.11041
2300    53967.1 1057.81368	0.0196011	1.23083 298.0   137.5   0.10651
2400    54088.5 1397.66100	0.0258403	1.22851 295.0   138.2   0.10705
2500    53614.4 762.05107	0.0142135	1.21146 273.0   127.8   0.09897
2600    53894.6 1019.51868	0.0189169	1.24206 312.5   141.5   0.10962
2700    53855.6 1386.68778	0.0257483	1.22618 292.0   136.0   0.10537
2800    53755.6 1490.81759	0.0277333	1.22386 289.0   140.6   0.10892
2900    54455.3 1431.22901	0.0262826	1.23354 301.5   149.4   0.11573
3000    53889.5 1282.45803	0.0237979	1.21882 282.5   136.6   0.10578
3100    53649.8 1150.28080	0.0214405	1.21030 271.5   128.8   0.09980
3200    54366.4 1360.84967	0.0250311	1.22115 285.5   142.8   0.11059
3300    54091.6 1042.15046	0.0192664	1.20953 270.5   128.8   0.09977
3400    54103.4 1198.38517	0.0221499	1.21572 278.5   135.9   0.10530
3500    53559.8 979.83893	0.0182943	1.22270 287.5   140.8   0.10905
3600    54182.2 1296.72628	0.0239327	1.23974 309.5   149.1   0.11546
3700    54316.2 1213.83343	0.0223475	1.22037 284.5   143.7   0.11128
3800    53540.1 1168.93482	0.0218329	1.22657 292.5   140.4   0.10879
3900    53695.0 1119.45709	0.0208484	1.24090 311.0   140.0   0.10845
4000    53514.7 1106.69886	0.0206803	1.22231 287.0   142.7   0.11052
4100    53939.0 1273.32581	0.0236068	1.21456 277.0   135.8   0.10522
4200    53841.5 1311.42293	0.0243571	1.22386 289.0   140.2   0.10858
4300    54439.4 1642.73522	0.0301755	1.22889 295.5   136.3   0.10560
4400    53976.4 1412.89165	0.0261761	1.21611 279.0   134.8   0.10442
4500    54090.6 1176.32032	0.0217472	1.22773 294.0   136.4   0.10568
4600    53553.6 1298.15282	0.0242403	1.20914 270.0   130.8   0.10136
4700    53743.5 1104.41120	0.0205497	1.20256 261.5   133.0   0.10305
4800    54147.9 1470.44959	0.0271562	1.22192 286.5   139.7   0.10821
4900    53897.7 1257.20638	0.0233258	1.21844 282.0   140.5   0.10885
5000    53928.7 1148.35533	0.0212939	1.23741 306.5   144.2   0.11168
5100    53987.5 1179.78978	0.0218530	1.21921 283.0   138.7   0.10741
5200    53816.2 1079.40090	0.0200572	1.21224 274.0   136.7   0.10585
5300    54146.0 1370.79873	0.0253167	1.22889 295.5   135.0   0.10456
5400    54044.2 1252.48246	0.0231752	1.22618 292.0   140.1   0.10851
5500    53398.8 733.17716	0.0137302	1.20875 269.5   133.5   0.10342
5600    53939.6 1322.27411	0.0245140	1.21108 272.5   134.3   0.10400
5700    54251.0 1413.95400	0.0260632	1.23819 307.5   144.4   0.11185
5800    53865.6 1213.87836	0.0225353	1.20449 264.0   134.7   0.10432
5900    53722.2 1001.26852	0.0186379	1.21146 273.0   129.7   0.10044
6000    54268.9 1237.91752	0.0228108	1.23122 298.5   149.7   0.11593
6100    53743.4 901.18029	0.0167682	1.21960 283.5   140.2   0.10863
6200    53843.0 1312.15805	0.0243701	1.20643 266.5   131.3   0.10168
6300    53655.2 1078.17472	0.0200945	1.23509 303.5   140.5   0.10886
6400    53681.3 1281.65029	0.0238752	1.20682 267.0   127.2   0.09853
6500    53568.2 1397.68108	0.0260916	1.18009 232.5   115.3   0.08928
6600    53934.8 1769.86443	0.0328149	1.18706 241.5   124.1   0.09616
6700    53398.6 936.64236	0.0175406	1.19558 252.5   122.0   0.09451
6800    53861.0 1230.12725	0.0228389	1.20449 264.0   130.7   0.10127
6900    53986.8 1227.24968	0.0227324	1.19404 250.5   128.1   0.09926
7000    53935.2 1319.13538	0.0244578	1.22851 295.0   140.5   0.10879
7100    53845.2 1067.74183	0.0198298	1.21689 280.0   134.1   0.10385
7200    53945.0 1338.10170	0.0248049	1.20914 270.0   136.3   0.10558
7300    53588.9 1403.07458	0.0261822	1.19907 257.0   124.5   0.09646
7400    53327.1 1015.05669	0.0190345	1.20604 266.0   127.5   0.09875
7500    53522.5 1357.48294	0.0253628	1.20139 260.0   125.8   0.09748
7600    54360.3 1476.40356	0.0271596	1.22386 289.0   142.3   0.11024
7700    53900.2 1503.35215	0.0278914	1.17893 231.0   119.9   0.09287
7800    53588.2 1544.17210	0.0288155	1.19055 246.0   122.8   0.09510
7900    53132.5 1475.65404	0.0277731	1.18164 234.5   114.0   0.08829
8000    53199.3 914.44832	0.0171891	1.18861 243.5   121.5   0.09413
8100    53732.6 993.04397	0.0184812	1.20914 270.0   131.6   0.10190
8200    53985.1 1725.95732	0.0319710	1.20991 271.0   129.4   0.10024
8300    53824.1 1260.09116	0.0234113	1.20449 264.0   138.4   0.10719
8400    53232.0 757.47981	0.0142298	1.20759 268.0   128.1   0.09925
end try 7

begin try 8
100     53940.5 1183.87897	0.0219479	1.23393 302.0   137.1   0.10618
200     54065.2 1344.29169	0.0248643	1.21844 282.0   129.1   0.09997
300     53596.2 1578.10664	0.0294444	1.20682 267.0   129.3   0.10017
400     54093.0 1685.91442	0.0311670	1.21766 281.0   133.8   0.10367
500     53903.9 1139.01055	0.0211304	1.20798 268.5   130.5   0.10110
600     54226.7 1228.25044	0.0226503	1.21379 276.0   139.5   0.10806
700     53864.9 1170.24432	0.0217256	1.21224 274.0   131.0   0.10151
800     54154.5 1432.34229	0.0264492	1.21418 276.5   129.1   0.10003
900     54392.6 1356.44391	0.0249380	1.22579 291.5   144.9   0.11222
1000    54541.6 1847.43714	0.0338720	1.21185 273.5   141.0   0.10924
1100    54011.2 1096.48679	0.0203011	1.23160 299.0   144.7   0.11204
1200    53657.4 1383.50780	0.0257841	1.21379 276.0   128.0   0.09916
1300    54170.2 1560.57430	0.0288087	1.23122 298.5   142.9   0.11070
1400    54001.6 1395.24063	0.0258370	1.21689 280.0   140.9   0.10915
1500    53864.8 1411.63716	0.0262070	1.23780 307.0   147.5   0.11427
1600    53992.7 1510.77437	0.0279811	1.24981 322.5   144.3   0.11174
1700    53829.2 1498.82413	0.0278441	1.24051 310.5   137.4   0.10644
1800    54402.3 1445.22422	0.0265655	1.24090 311.0   148.1   0.11471
1900    54025.1 1522.46311	0.0281807	1.23083 298.0   146.2   0.11323
2000    54346.8 1282.17043	0.0235924	1.24167 312.0   146.8   0.11369
2100    54151.6 1346.11611	0.0248583	1.24555 317.0   143.8   0.11141
2200    54739.7 1559.95097	0.0284976	1.22386 289.0   143.4   0.11109
2300    54019.8 1457.43299	0.0269796	1.23238 300.0   141.9   0.10990
2400    54017.7 1410.48282	0.0261115	1.23431 302.5   142.2   0.11015
2500    54028.6 1186.24330	0.0219558	1.25136 324.5   150.3   0.11642
2600    54431.2 1681.62587	0.0308945	1.22231 287.0   134.3   0.10406
2700    53919.6 1347.15846	0.0249846	1.21805 281.5   131.5   0.10189
2800    54170.2 1255.58264	0.0231785	1.23857 308.0   142.8   0.11065
2900    53724.2 1163.77053	0.0216619	1.24090 311.0   141.7   0.10973
3000    54213.6 1542.33216	0.0284492	1.23044 297.5   143.2   0.11090
3100    54304.5 897.55172	0.0165281	1.23741 306.5   145.1   0.11237
3200    53941.6 1077.85737	0.0199819	1.21921 283.0   131.7   0.10201
3300    53801.8 1374.45290	0.0255466	1.22967 296.5   141.6   0.10965
3400    54607.5 1177.49954	0.0215630	1.24284 313.5   144.2   0.11167
3500    53887.8 1142.90489	0.0212090	1.22231 287.0   135.6   0.10501
3600    53917.2 1249.59093	0.0231761	1.21611 279.0   138.6   0.10737
3700    53749.4 1189.78100	0.0221357	1.24167 312.0   140.0   0.10844
3800    54339.0 1358.59383	0.0250022	1.22657 292.5   137.8   0.10672
3900    54381.8 1437.54671	0.0264343	1.25329 327.0   150.3   0.11646
4000    54367.1 1413.84268	0.0260055	1.24167 312.0   147.7   0.11438
4100    54298.2 1195.84343	0.0220236	1.24826 320.5   152.2   0.11789
4200    54318.4 1162.04328	0.0213932	1.23238 300.0   140.5   0.10884
4300    53867.8 1202.74481	0.0223277	1.21611 279.0   132.1   0.10231
4400    54222.4 1277.03684	0.0235518	1.23625 305.0   139.8   0.10831
4500    54081.1 1339.06413	0.0247603	1.21844 282.0   135.9   0.10526
4600    54314.1 1463.66335	0.0269481	1.24167 312.0   148.6   0.11507
4700    54297.0 1410.98625	0.0259864	1.23083 298.0   142.2   0.11015
4800    53753.7 1296.91360	0.0241270	1.23393 302.0   134.9   0.10447
4900    53828.6 1305.44848	0.0242519	1.22657 292.5   137.5   0.10649
5000    54570.8 1328.81502	0.0243503	1.22851 295.0   149.3   0.11564
5100    54316.1 1413.24927	0.0260190	1.21495 277.5   139.8   0.10827
5200    53815.9 1363.94406	0.0253446	1.22851 295.0   131.3   0.10168
5300    53619.8 1123.97012	0.0209618	1.21921 283.0   135.3   0.10477
5400    54199.4 1617.55507	0.0298445	1.22153 286.0   140.0   0.10842
5500    53652.7 1359.62577	0.0253412	1.22928 296.0   139.0   0.10769
5600    54031.6 1118.36782	0.0206984	1.22231 287.0   132.6   0.10274
5700    53379.0 950.86675	0.0178135	1.19830 256.0   127.5   0.09873
5800    53705.1 1347.82137	0.0250967	1.19520 252.0   128.0   0.09914
5900    54074.0 1170.54458	0.0216471	1.21534 278.0   133.2   0.10314
6000    53918.1 1488.48628	0.0276064	1.19985 258.0   125.2   0.09700
6100    54152.2 1532.97350	0.0283086	1.19713 254.5   127.4   0.09872
6200    54289.3 1261.70578	0.0232404	1.22153 286.0   146.8   0.11368
6300    53627.4 1240.43097	0.0231306	1.21418 276.5   133.8   0.10361
6400    53531.7 1124.59910	0.0210081	1.21921 283.0   133.6   0.10352
6500    53947.8 839.96395	0.0155700	1.20449 264.0   133.1   0.10306
6600    54197.0 1654.13803	0.0305209	1.18939 244.5   127.1   0.09843
6700    53512.9 1462.52974	0.0273304	1.17506 226.0   118.5   0.09175
6800    53560.6 1323.67947	0.0247137	1.21689 280.0   131.5   0.10184
6900    53543.8 1351.43580	0.0252398	1.20062 259.0   126.3   0.09783
7000    53993.1 1340.01327	0.0248182	1.21379 276.0   135.5   0.10498
7100    54245.8 1401.55153	0.0258371	1.21340 275.5   132.4   0.10258
7200    53565.2 996.06619	0.0185954	1.18319 236.5   126.4   0.09793
7300    53588.4 1027.26453	0.0191695	1.18784 242.5   118.0   0.09143
7400    53788.8 1153.99736	0.0214542	1.22889 295.5   137.8   0.10671
7500    53979.8 1016.00232	0.0188219	1.21998 284.0   138.3   0.10710
7600    53768.2 1453.56747	0.0270340	1.21069 272.0   130.7   0.10126
7700    53176.4 1195.65519	0.0224847	1.21805 281.5   126.1   0.09768
7800    54212.5 1035.03644	0.0190922	1.22192 286.5   138.8   0.10749
7900    53600.4 935.06835	0.0174452	1.17816 230.0   116.2   0.09001
8000    53617.0 1381.92633	0.0257740	1.21456 277.0   123.2   0.09540
8100    53771.9 1537.79515	0.0285985	1.20023 258.5   124.2   0.09618
8200    53367.6 1371.80920	0.0257049	1.21301 275.0   126.7   0.09813
8300    53471.9 963.81365	0.0180247	1.20178 260.5   133.0   0.10301
8400    54143.0 1236.73813	0.0228421	1.22463 290.0   137.8   0.10674
end try 8

begin try 9
100     54290.2 1540.63337	0.0283777	1.20875 269.5   132.1   0.10234
200     53418.1 1363.36799	0.0255226	1.19365 250.0   119.8   0.09278
300     53636.0 1408.06426	0.0262522	1.19985 258.0   129.4   0.10021
400     53470.1 1402.85647	0.0262363	1.18745 242.0   117.8   0.09123
500     53793.6 1459.25055	0.0271269	1.19830 256.0   127.7   0.09888
600     53760.3 1286.39955	0.0239284	1.18784 242.5   119.0   0.09222
700     53324.5 1301.84405	0.0244136	1.18978 245.0   117.3   0.09084
800     53664.5 1288.98785	0.0240194	1.18861 243.5   128.2   0.09929
900     54085.6 1371.84654	0.0253644	1.21572 278.5   133.7   0.10353
1000    53422.0 1115.36397	0.0208783	1.18513 239.0   121.0   0.09375
1100    53387.4 1276.55634	0.0239112	1.20333 262.5   120.4   0.09327
1200    53368.8 947.04535	0.0177453	1.21224 274.0   125.3   0.09707
1300    53544.3 1143.57494	0.0213575	1.21030 271.5   129.4   0.10022
1400    53267.6 1135.98955	0.0213261	1.20565 265.5   122.7   0.09507
1500    52991.4 1141.27911	0.0215370	1.15337 198.0   100.6   0.07792
1600    53052.4 1353.46512	0.0255118	1.19055 246.0   122.7   0.09501
1700    53433.6 1350.68115	0.0252777	1.19985 258.0   123.3   0.09550
1800    53900.8 1240.13676	0.0230078	1.22308 288.0   133.9   0.10368
1900    53597.4 1295.70447	0.0241748	1.20991 271.0   129.6   0.10041
2000    53454.5 1251.81752	0.0234184	1.19907 257.0   124.5   0.09641
2100    53580.6 1140.92861	0.0212937	1.18706 241.5   127.1   0.09846
2200    53547.7 1415.10917	0.0264271	1.19752 255.0   116.8   0.09043
2300    53294.5 1575.41765	0.0295606	1.19287 249.0   118.8   0.09205
2400    53225.1 1148.59121	0.0215799	1.20449 264.0   122.5   0.09486
2500    53389.5 1234.48954	0.0231223	1.15492 200.0   110.3   0.08541
2600    53780.4 1340.38726	0.0249233	1.17932 231.5   113.1   0.08757
2700    53324.5 987.14361	0.0185120	1.18513 239.0   116.3   0.09009
2800    53226.3 1061.99858	0.0199525	1.19249 248.5   116.4   0.09018
2900    53976.9 1531.99372	0.0283824	1.21108 272.5   129.3   0.10017
3000    53770.4 1149.32491	0.0213747	1.20953 270.5   129.0   0.09995
3100    53319.3 873.99678	0.0163918	1.19094 246.5   120.8   0.09357
3200    53405.3 1146.77918	0.0214731	1.18978 245.0   124.3   0.09629
3300    53465.4 1343.70790	0.0251323	1.18203 235.0   118.6   0.09188
3400    53423.6 1341.44192	0.0251095	1.19597 253.0   115.6   0.08957
3500    53439.9 1633.97522	0.0305760	1.19752 255.0   122.8   0.09510
3600    53822.6 1128.50900	0.0209672	1.18319 236.5   120.6   0.09342
3700    53650.4 1256.79387	0.0234256	1.21069 272.0   129.7   0.10048
3800    53799.4 1346.91119	0.0250358	1.18939 244.5   121.7   0.09427
3900    53415.0 1302.56447	0.0243857	1.19094 246.5   120.6   0.09344
4000    53201.2 957.35244	0.0179949	1.17545 226.5   117.6   0.09107
4100    53026.0 1182.99415	0.0223097	1.15763 203.5   100.1   0.07754
4200    53020.0 1296.86131	0.0244599	1.17661 228.0   108.8   0.08431
4300    53833.0 1262.40684	0.0234504	1.21030 271.5   126.2   0.09774
4400    53759.0 1458.68143	0.0271337	1.19016 245.5   133.6   0.10346
4500    53936.1 1380.12075	0.0255881	1.21456 277.0   135.0   0.10459
4600    53707.0 1242.64414	0.0231375	1.19558 252.5   128.4   0.09947
4700    53271.6 1128.44044	0.0211828	1.19675 254.0   124.1   0.09615
4800    53916.9 1143.41493	0.0212070	1.21030 271.5   131.6   0.10191
4900    53599.7 1391.99574	0.0259702	1.18280 236.0   117.4   0.09092
5000    53692.7 1269.62329	0.0236461	1.19287 249.0   125.4   0.09715
5100    53096.6 902.99585	0.0170067	1.17893 231.0   111.7   0.08654
5200    54118.4 1606.24103	0.0296801	1.19171 247.5   125.2   0.09700
5300    52834.8 1195.89928	0.0226347	1.16847 217.5   107.7   0.08340
5400    53138.1 891.48467	0.0167768	1.17157 221.5   105.7   0.08186
5500    53726.6 1301.45323	0.0242236	1.17854 230.5   119.7   0.09268
5600    53260.0 1343.78556	0.0252307	1.18978 245.0   113.7   0.08804
5700    53263.7 1152.62048	0.0216399	1.15957 206.0   105.8   0.08195
5800    53370.2 1154.69569	0.0216356	1.18823 243.0   126.2   0.09771
5900    53037.3 1179.21707	0.0222337	1.16383 211.5   103.7   0.08031
6000    53561.1 995.64338	0.0185889	1.19055 246.0   126.8   0.09823
6100    53356.2 1162.89718	0.0217950	1.19132 247.0   121.1   0.09381
6200    53972.8 1024.81665	0.0189877	1.20875 269.5   131.7   0.10199
6300    53297.9 1258.48716	0.0236123	1.17312 223.5   112.5   0.08716
6400    53378.3 1203.14175	0.0225399	1.15453 199.5   104.3   0.08077
6500    54228.4 1147.81793	0.0211664	1.20372 263.0   134.4   0.10414
6600    53521.0 1166.79156	0.0218006	1.21495 277.5   135.4   0.10490
6700    53945.0 1077.97279	0.0199828	1.21805 281.5   136.8   0.10596
6800    53667.2 1046.00489	0.0194906	1.19830 256.0   127.1   0.09844
6900    53652.2 1078.88583	0.0201089	1.18590 240.0   120.1   0.09304
7000    53195.0 1307.99226	0.0245886	1.18087 233.5   118.9   0.09209
7100    53283.0 1146.85833	0.0215239	1.18048 233.0   121.0   0.09375
7200    53246.0 1363.33413	0.0256044	1.15686 202.5   104.4   0.08087
7300    53763.7 1310.76542	0.0243801	1.20798 268.5   131.0   0.10150
7400    53655.4 1324.62797	0.0246877	1.17545 226.5   114.0   0.08828
7500    53236.6 842.54579	0.0158264	1.13517 174.5   98.9    0.07663
7600    54255.1 1780.18424	0.0328114	1.18978 245.0   125.1   0.09690
7700    53142.9 963.32782	0.0181271	1.18668 241.0   114.7   0.08884
7800    53582.8 1700.17453	0.0317299	1.17854 230.5   114.0   0.08833
7900    53434.6 1326.14661	0.0248181	1.18823 243.0   117.9   0.09135
8000    53464.3 1387.99672	0.0259612	1.16731 216.0   112.6   0.08721
8100    53484.2 986.67410	0.0184479	1.17932 231.5   121.8   0.09434
8200    53680.4 952.61630	0.0177461	1.20720 267.5   128.3   0.09937
8300    53390.2 1066.63526	0.0199781	1.17854 230.5   115.8   0.08971
8400    52913.9 862.72472	0.0163043	1.17235 222.5   108.7   0.08416
end try 9

